0.0,0.5,0.002,1,1.0,0.0
0.0,0.4999909,0.0019999636,1,1.0,0.0
0.0,0.49998180016562,0.00199992720066248,1,1.0,0.0
0.0,0.499972700496857,0.001999890801987428,1,1.0,0.0
0.0,0.49996360099370796,0.001999854403974832,1,1.0,0.0
0.0,0.4999545016561699,0.0019998180066246795,1,1.0,0.0
0.0,0.49994540248423974,0.001999781609936959,1,1.0,0.0
133.51256037378863,0.49993240390377514,0.0019997296156151006,1,1.0,0.01008512471547215
260.33024347053487,0.5094871394735196,0.0020379485578940785,1,0.9999928339483227,0.020039957302744233
374.0938811152401,0.5294975073884927,0.0021179900295539705,1,0.9999778261723865,0.02992711032041334
469.0988894808179,0.5593382087327784,0.0022373528349311136,1,0.9999554456463784,0.03963978524856081
540.5813207414515,0.5987729192315826,0.0023950916769263303,1,0.9999258696135043,0.04889661223123025
584.9567473090942,0.6472667613217244,0.002589067045286898,0.9344444444444444,0.9998894992319367,0.053440542552403776
600.0,0.70012746939813,0.00280050987759252,0.9344444444444444,0.9998498537008794,0.059284725892703526
584.9567473090942,0.7585273754378439,0.0030341095017513754,0.9344444444444444,0.9998060537713497,0.06261162006840444
540.5813207414515,0.8199253449068026,0.00327970137962721,0.9344444444444444,0.9997600052942479,0.06253713102790738
469.09888948081795,0.8809606389786211,0.0035238425559144843,0.9344444444444444,0.9997142288236941,0.058299728961118874
374.09388111524015,0.9375958516040315,0.003750383406416126,0.9344444444444444,0.9996717524142251,0.04947536818020109
260.3302434705349,0.9854539821340381,0.003941815928536153,0.9344444444444444,0.9996358588163275,0.036183372835483806
133.51256037378872,1.0203294543367758,0.004081317817347103,0.9344444444444444,0.9996097022121755,0.01921224266229128
0.0,1.038793509912761,0.004155174039651044,0.9344444444444444,0.9995958541704936,0.0
0.0,1.0387746038708805,0.004155098415483522,0.9344444444444444,0.9995958541704936,0.0
0.0,1.03875569817309,0.00415502279269236,0.9344444444444444,0.9995958541704936,0.0
0.0,1.0387367928193834,0.004154947171277534,0.9344444444444444,0.9995958541704936,0.0
0.0,1.038717887809754,0.004154871551239016,0.9344444444444444,0.9995958541704936,0.0
0.0,1.038698983144196,0.004154795932576784,0.9344444444444444,0.9995958541704936,0.0
0.0,1.0386800788227026,0.004154720315290811,0.9344444444444444,0.9995958541704936,0.0
0.0,1.038661174845268,0.004154644699381073,0.9344444444444444,0.9995958541704936,0.0
0.0,1.038642271211886,0.004154569084847543,0.9344444444444444,0.9995958541704936,0.0
0.0,1.0386233679225498,0.0041544934716901995,0.9344444444444444,0.9995958541704936,0.0
0.0,1.0386044649772537,0.004154417859909015,0.9344444444444444,0.9995958541704936,0.0
133.51256037378863,1.0385774612611642,0.004154309845044657,0.9344444444444444,0.9995958541704936,0.01955507234041143
260.33024347053487,1.056997265790511,0.004227989063162044,0.9344444444444444,0.9995820393170964,0.03880428639028542
374.0938811152401,1.094548297758012,0.0043781931910320485,0.9344444444444444,0.9995538760431208,0.05773799397729005
469.0988894808179,1.1502943379006352,0.004601177351602541,0.9344444444444444,0.9995120665130137,0.07607947386244045
540.5813207414515,1.2234639328655046,0.0048938557314620185,0.9344444444444444,0.9994571893167901,0.09323479305358769
584.9567473090942,1.3126540259548145,0.005250616103819258,0.8773444444444446,0.9993902967469731,0.1016092426663448
600.0,1.4097093943091288,0.005638837577236515,0.8773444444444446,0.9993175052207073,0.11190498213154426
584.9567473090942,1.5158187500511375,0.00606327500020455,0.8773444444444446,0.9992379232039008,0.11728448057133233
540.5813207414515,1.6261394453643627,0.006504557781457451,0.8773444444444446,0.9991551826824159,0.11624796232830834
469.09888948081795,1.7345791564410376,0.0069383166257641505,0.8773444444444446,0.9990738528991083,0.10757808874164171
374.09388111524015,1.8341230193775853,0.007336492077510341,0.8773444444444446,0.9989991950019059,0.09069460089419877
260.3302434705349,1.9174371581052099,0.007669748632420839,0.8773444444444446,0.9989367093978602,0.065969068952325
133.51256037378872,1.9776836127709827,0.007910734451083931,0.8773444444444446,0.9988915245568609,0.03489131102314625
0.0,2.009412672644055,0.00803765069057622,0.8773444444444446,0.9988677277619561,0.0
0.0,2.009376101333413,0.008037504405333651,0.8773444444444446,0.9988677277619561,0.0
0.0,2.0093395306883686,0.008037358122753474,0.8773444444444446,0.9988677277619561,0.0
0.0,2.00930296070891,0.00803721184283564,0.8773444444444446,0.9988677277619561,0.0
0.0,2.009266391395025,0.0080370655655801,0.8773444444444446,0.9988677277619561,0.0
0.0,2.009229822746702,0.008036919290986808,0.8773444444444446,0.9988677277619561,0.0
0.0,2.009193254763928,0.008036773019055712,0.8773444444444446,0.9988677277619561,0.0
0.0,2.009156687446691,0.008036626749786764,0.8773444444444446,0.9988677277619561,0.0
0.0,2.0091201207949796,0.008036480483179918,0.8773444444444446,0.9988677277619561,0.0
0.0,2.009083554808781,0.008036334219235124,0.8773444444444446,0.9988677277619561,0.0
0.0,2.0090469894880836,0.008036187957952334,0.8773444444444446,0.9988677277619561,0.0
133.51256037378863,2.008994754266357,0.008035979017065428,0.8773444444444446,0.9988677277619561,0.03544132171525088
260.33024347053487,2.041046204210472,0.008164184816841887,0.8773444444444446,0.9988436891744981,0.07020313753342464
374.0938811152401,2.106055755065654,0.008424223020262616,0.8773444444444446,0.9987949320113567,0.10408037352306675
469.0988894808179,2.202063882563348,0.008808255530253392,0.8773444444444446,0.9987229259157334,0.13643414247743843
540.5813207414515,2.327078871255446,0.009308315485021784,0.8773444444444446,0.9986291646742143,0.16610556418134467
584.9567473090942,2.477883619486806,0.009911534477947225,0.8274934444444444,0.9985160611130408,0.18045559625413
600.0,2.6416852651276854,0.010566741060510742,0.8274934444444444,0.9983932098788101,0.19726276164861603
584.9567473090942,2.818490494755565,0.011273961979022262,0.8274934444444444,0.9982606059565892,0.20511058136669214
540.5813207414515,2.9998147770424333,0.011999259108169734,0.8274934444444444,0.9981246127448741,0.2016665857303256
469.09888948081795,3.1755932791243473,0.01270237311649739,0.8274934444444444,0.9979927788683126,0.18518408579155224
374.09388111524015,3.334831892457703,0.013339327569830813,0.8274934444444444,0.9978733499083126,0.15503162067613233
260.3302434705349,3.466558622230318,0.013866234488921271,0.8274934444444444,0.9977745548609831,0.11211557420735814
133.51256037378872,3.560932829431257,0.01424373131772503,0.8274934444444444,0.9977037742055823,0.05905281192230719
0.0,3.6103304455720258,0.014441321782288104,0.8274934444444444,0.9976667259934767,0.0
0.0,3.6102647375579164,0.014441058950231666,0.8274934444444444,0.9976667259934767,0.0
0.0,3.6101990307396927,0.01444079612295877,0.8274934444444444,0.9976667259934767,0.0
0.0,3.6101333251173333,0.014440533300469334,0.8274934444444444,0.9976667259934767,0.0
0.0,3.610067620690816,0.014440270482763265,0.8274934444444444,0.9976667259934767,0.0
0.0,3.6100019174601194,0.014440007669840478,0.8274934444444444,0.9976667259934767,0.0
0.0,3.6099362154252215,0.014439744861700887,0.8274934444444444,0.9976667259934767,0.0
0.0,3.6098705145861008,0.014439482058344404,0.8274934444444444,0.9976667259934767,0.0
0.0,3.609804814942735,0.01443921925977094,0.8274934444444444,0.9976667259934767,0.0
0.0,3.609739116495103,0.014438956465980413,0.8274934444444444,0.9976667259934767,0.0
0.0,3.6096734192431827,0.014438693676972732,0.8274934444444444,0.9976667259934767,0.0
133.51256037378863,3.6095795677342823,0.014438318270937129,0.8274934444444444,0.9976667259934767,0.059853253788722395
260.33024347053487,3.660543741705912,0.014642174966823648,0.8274934444444444,0.997628502862998,0.11834002933783859
0.0,0.05,0.0002,1,1.0,0.0
0.0,0.049999265,0.00019999706000000002,1,1.0,0.0
0.0,0.0499985300108045,0.000199994120043218,1,1.0,0.0
0.0,0.04999779503241334,0.00019999118012965336,1,1.0,0.0
0.0,0.04999706006482636,0.00019998824025930546,1,1.0,0.0
0.0,0.04999632510804341,0.00019998530043217365,1,1.0,0.0
0.0,0.04999559016206432,0.0001999823606482573,1,1.0,0.0
44.50418679126288,0.04999454025467091,0.00019997816101868365,1,1.0,0.0008073392831074838
86.77674782351163,0.05080082965243305,0.0002032033186097322,1,0.9999990593290359,0.0015995798034312222
124.6979603717467,0.052399239969327716,0.00020959695987731087,1,0.9999971945169994,0.002370905767939126
156.36629649360597,0.05476859305111595,0.0002190743722044638,1,0.9999944302717374,0.003107434971317413
180.19377358048382,0.05787370795236657,0.00023149483180946628,1,0.9999908076376859,0.0037839461031822634
194.98558243636472,0.061654102673467936,0.00024661641069387177,1,0.9999863971771781,0.004361984526996301
200.0,0.06601123015720609,0.0002640449206288243,1,0.9999813138617802,0.0047902988051966204
194.98558243636472,0.07079463926592515,0.0002831785570637006,1,0.9999757332178202,0.005008553576147605
180.19377358048382,0.07579187449195873,0.00030316749796783496,1,0.9999699031100565,0.0049552584260356735
156.36629649360597,0.08072951832130633,0.00032291807328522533,1,0.9999641425255891,0.004580088687378093
124.69796037174672,0.08528734124729265,0.00034114936498917057,1,0.9999588250655087,0.0038586662955327495
86.77674782351164,0.08912218011958663,0.0003564887204783465,1,0.9999543510868244,0.0028059387884119408
44.5041867912629,0.09190698263313585,0.0003676279305325434,1,0.9999511021505587,0.0014840047629368334
0.0,0.09337728789902323,0.00037350915159609294,1,0.9999493867944151,0.0
0.0,0.09337591525289111,0.00037350366101156446,1,0.9999493867944151,0.0
0.0,0.0933745426269369,0.0003734981705077476,1,0.9999493867944151,0.0
0.0,0.09337317002116027,0.0003734926800846411,1,0.9999493867944151,0.0
0.0,0.09337179743556097,0.0003734871897422439,1,0.9999493867944151,0.0
0.0,0.09337042487013866,0.00037348169948055464,1,0.9999493867944151,0.0
0.0,0.09336905232489308,0.00037347620929957233,1,0.9999493867944151,0.0
0.0,0.0933676797998239,0.0003734707191992956,1,0.9999493867944151,0.0
0.0,0.09336630729493084,0.00037346522917972334,1,0.9999493867944151,0.0
0.0,0.0933649348102136,0.00037345973924085443,1,0.9999493867944151,0.0
0.0,0.09336356234567189,0.0003734542493826876,1,0.9999493867944151,0.0
44.50418679126288,0.09336160171086264,0.0003734464068434506,1,0.9999493867944151,0.0015074865677751044
86.77674782351163,0.09486346003028984,0.00037945384012115935,1,0.9999476346263757,0.002986654214197454
124.6979603717467,0.09784064214836281,0.00039136256859345126,1,0.9999441612472381,0.004426474219522377
156.36629649360597,0.10225314323963478,0.0004090125729585391,1,0.9999390133292981,0.002900442082348901
180.19377358048382,0.10514276083343699,0.00042057104333374795,1,0.999935642108772,0.0034368479296140184
194.98558243636472,0.10856652998887206,0.00043426611995548824,1,0.9999316477114241,0.0038400404597942477
200.0,0.11239263111905286,0.0004495705244762114,1,0.9999271839267723,0.004077565180173744
194.98558243636472,0.11645445498875329,0.00046581781995501316,1,0.9999224451322577,0.004118956047662614
180.19377358048382,0.12055382979028169,0.00048221531916112676,1,0.9999176625283226,0.003940440488928959
156.36629649360597,0.12447069458636374,0.000497882778345455,1,0.9999130928527271,0.003530448477805244
124.69796037174672,0.12797557938578508,0.0005119023175431403,1,0.9999090038204612,0.0028946906762497716
86.77674782351164,0.1308455184816788,0.0005233820739267152,1,0.9999056555581827,0.002059561339674655
44.5041867912629,0.13288443720130047,0.0005315377488052019,1,0.9999032768196764,0.0010727171578526547
0.0,0.13394397428567167,0.0005357758971426867,1,0.999902040693078,0.0
0.0,0.13394200530924968,0.0005357680212369988,1,0.999902040693078,0.0
0.0,0.13394003636177162,0.0005357601454470865,1,0.999902040693078,0.0
0.0,0.1339380674432371,0.0005357522697729485,1,0.999902040693078,0.0
0.0,0.1339360985536457,0.0005357443942145827,1,0.999902040693078,0.0
0.0,0.13393412969299695,0.0005357365187719878,1,0.999902040693078,0.0
0.0,0.13393216086129045,0.0005357286434451618,1,0.999902040693078,0.0
0.0,0.1339301920585258,0.0005357207682341032,1,0.999902040693078,0.0
0.0,0.13392822328470255,0.0005357128931388102,1,0.999902040693078,0.0
0.0,0.13392625453982027,0.0005357050181592811,1,0.999902040693078,0.0
0.0,0.13392428582387852,0.0005356971432955141,1,0.999902040693078,0.0
44.50418679126288,0.13392147341387622,0.0005356858936555049,1,0.999902040693078,0.001081085785539579
86.77674782351163,0.13499589226233116,0.0005399835690493247,1,0.9999007872044215,0.0021248672087262354
124.6979603717467,0.13711031720961434,0.0005484412688384573,1,0.9998983203753165,0.0031012373054682373
156.36629649360597,0.14019726970866236,0.0005607890788346494,1,0.9998947189307341,0.00397635160084399
180.19377358048382,0.14415536370986165,0.0005766214548394466,1,0.9998901011543994,0.004711598201273046
194.98558243636472,0.14884466064788499,0.0005953786425915399,1,0.9998846303079716,0.005264149250477893
200.0,0.1540849135700521,0.0006163396542802084,1,0.9998785166795625,0.005589548219962579
194.98558243636472,0.15964726941328847,0.0006385890776531539,1,0.999872027264412,0.005646045670723006
180.19377358048382,0.16525996928812872,0.0006610398771525149,1,0.9998654791145581,0.005401092104999218
156.36629649360597,0.17062187808016957,0.0006824875123206782,1,0.9998592235543007,0.004838893085499813
124.69796037174672,0.17541903698001812,0.0007016761479200725,1,0.9998536268689175,0.003967335089115467
86.77674782351164,0.17934656941761212,0.0007173862776704485,1,0.9998490447477404,0.002822636001740803
44.5041867912629,0.18213651214487234,0.0007285460485794893,1,0.9998457898145585,0.0014701214299815083
0.0,0.183586200944119,0.0007343448037764761,1,0.9998440985109595,0.0
0.0,0.18358350222696512,0.0007343340089078605,1,0.9998440985109595,0.0
0.0,0.1835808035494824,0.0007343232141979296,1,0.9998440985109595,0.0
0.0,0.1835781049116702,0.0007343124196466808,1,0.9998440985109595,0.0
0.0,0.183575406313528,0.0007343016252541121,1,0.9998440985109595,0.0
0.0,0.1835727077550552,0.0007342908310202208,1,0.9998440985109595,0.0
0.0,0.1835700092362512,0.0007342800369450048,1,0.9998440985109595,0.0
0.0,0.1835673107571154,0.0007342692430284617,1,0.9998440985109595,0.0
0.0,0.18356461231764729,0.0007342584492705892,1,0.9998440985109595,0.0
0.0,0.1835619139178462,0.0007342476556713849,1,0.9998440985109595,0.0
0.0,0.18355921555771162,0.0007342368622308465,1,0.9998440985109595,0.0
44.50418679126288,0.18355536081418491,0.0007342214432567397,1,0.9998440985109595,0.0014815682693146467
86.77674782351163,0.1850260555033343,0.0007401042220133373,1,0.9998423827004888,0.0029119797223749024
124.6979603717467,0.1879202873718721,0.0007516811494874885,1,0.9998390060966422,0.004249930988011451
156.36629649360597,0.1921454609847396,0.0007685818439389585,1,0.9998340767274272,0.005449007803821347
180.19377358048382,0.19756244279919777,0.0007902497711967911,1,0.9998277569153102,0.0064562788484751705
194.98558243636472,0.20397927309246264,0.0008159170923698506,1,0.9998202706133015,0.007213059232851182
200.0,0.21114993248947875,0.000844599729957915,1,0.9998119048440048,0.007658503373289087
194.98558243636472,0.21875994778543664,0.0008750397911417466,1,0.9998030264928262,0.007735435931729187
180.19377358048382,0.2264369754232569,0.0009057479016930276,1,0.9997940699605821,0.007399341132252065
156.36629649360597,0.2337693413444351,0.0009350773653777404,1,0.999785515533674,0.006628701372974608
124.69796037174672,0.24032802053883406,0.0009613120821553363,1,0.9997778637412805,0.005434432503715523
86.77674782351164,0.24569672833519202,0.000982786913340768,1,0.9997716002488515,0.003866225655580401
44.5041867912629,0.249509835069733,0.000998039340278932,1,0.9997671516243279,0.002013579325044887
0.0,0.2514909642030365,0.001005963856812146,1,0.9997648403070057,0.0
0.0,0.25148726728586274,0.001005949069143451,1,0.9997648403070057,0.0
0.0,0.25148357042303365,0.0010059342816921347,1,0.9997648403070057,0.0
0.0,0.25147987361454843,0.0010059194944581937,1,0.9997648403070057,0.0
0.0,0.2514761768604063,0.0010059047074416252,1,0.9997648403070057,0.0
0.0,0.25147248016060647,0.0010058899206424258,1,0.9997648403070057,0.0
0.0,0.2514687835151481,0.0010058751340605925,1,0.9997648403070057,0.0
0.0,0.25146508692403047,0.0010058603476961218,1,0.9997648403070057,0.0
0.0,0.2514613903872527,0.0010058455615490109,1,0.9997648403070057,0.0
0.0,0.251457693904814,0.001005830775619256,1,0.9997648403070057,0.0
0.0,0.2514539974767136,0.0010058159899068544,1,0.9997648403070057,0.0
44.50418679126288,0.2514487169427666,0.0010057948677710663,1,0.9997648403070057,0.00202921617457875
86.77674782351163,0.25345965976525214,0.0010138386390610085,1,0.9997624942070462,0.003988301642948617
124.6979603717467,0.2574169708203196,0.0010296678832812784,1,0.9997578773441486,0.0058206018639848835
156.36629649360597,0.263193612942866,0.001052774451771464,1,0.9997511379283389,0.007462484208841825
180.19377358048382,0.27059868056559344,0.0010823947222623738,1,0.9997424986827791,0.008841422193982141
194.98558243636472,0.27936893424454595,0.001117475736978184,1,0.9997322667201536,0.009877055838513935
200.0,0.2891693624098046,0.0011566774496392185,1,0.9997208328872942,0.010486202640321794
194.98558243636472,0.299567648752601,0.001198270595010404,1,0.9997087015532276,0.010590629918701308
180.19377358048382,0.3100542031345799,0.0012402168125383195,1,0.999696467239782,0.003376516218461843
156.36629649360597,0.31338746201843065,0.0012535498480737226,1,0.9996925784377507,0.0029615051237079993
124.69796037174672,0.31630700500519265,0.0012652280200207706,1,0.9996891723042661,0.0023837056528605766
86.77674782351164,0.3186531376209973,0.0012746125504839892,1,0.9996864351495477,0.0016711037738733035
44.5041867912629,0.3202942253367314,0.0012811769013469257,1,0.9996845205472126,0.0008614498507589191
0.0,0.32113612873383024,0.001284544514935321,1,0.9996835383265825,0.0
0.0,0.3211314080327379,0.0012845256321309514,1,0.9996835383265825,0.0
0.0,0.3211266874010398,0.001284506749604159,1,0.9996835383265825,0.0
0.0,0.321121966838735,0.00128448786735494,1,0.9996835383265825,0.0
0.0,0.3211172463458225,0.0012844689853832901,1,0.9996835383265825,0.0
0.0,0.3211125259223012,0.001284450103689205,1,0.9996835383265825,0.0
0.0,0.32110780556817015,0.0012844312222726807,1,0.9996835383265825,0.0
0.0,0.3211030852834283,0.0012844123411337133,1,0.9996835383265825,0.0
0.0,0.3210983650680746,0.0012843934602722983,1,0.9996835383265825,0.0
0.0,0.3210936449221081,0.0012843745796884325,1,0.9996835383265825,0.0
0.0,0.32108892484552776,0.001284355699382111,1,0.9996835383265825,0.0
44.50418679126288,0.321082181978106,0.001284328727912424,1,0.9996835383265825,0.0008635673047597151
86.77674782351163,0.32193270533369545,0.0012877308213347818,1,0.9996825460493345,0.0016882884009842645
124.6979603717467,0.3236020454953884,0.0012944081819815537,1,0.9996805984858124,0.00243863563081609
156.36629649360597,0.3260163073227343,0.0013040652292909372,1,0.9996777818470138,0.0030807473930274843
180.19377358048382,0.3290678506196928,0.0013162714024787712,1,0.9996742217131674,0.0035834013139625955
194.98558243636472,0.33261798093513667,0.0013304719237405467,1,0.9996700798944661,0.003919353892903337
200.0,0.336503918020504,0.001346015672082016,1,0.9996655463011997,0.00406707372667324
194.98558243636472,0.34053578107469307,0.0013621431242987724,1,0.99966084246097,0.0040125705474651175
180.19377358048382,0.3445095206978611,0.0013780380827914445,1,0.9996562064314095,0.003751405481270964
156.36629649360597,0.3482196678304598,0.0013928786713218392,1,0.9996518779264215,0.0032903743505134806
124.69796037174672,0.35146910568470624,0.001405876422738825,1,0.9996480869155916,0.0026484498150016332
86.77674782351164,0.35408017374019385,0.0014163206949607753,1,0.999645040669527,0.0018567238260499576
44.5041867912629,0.35590647049404484,0.0014236258819761794,1,0.9996429099899808,0.0009571434869907207
0.0,0.356843339690764,0.001427373358763056,1,0.9996418169759179,0.0
0.0,0.3568380940936705,0.001427352376374682,1,0.9996418169759179,0.0
0.0,0.35683284857368736,0.0014273313942947494,1,0.9996418169759179,0.0
0.0,0.3568276031308133,0.0014273104125232532,1,0.9996418169759179,0.0
0.0,0.3568223577650473,0.001427289431060189,1,0.9996418169759179,0.0
0.0,0.35681711247638814,0.0014272684499055527,1,0.9996418169759179,0.0
0.0,0.3568118672648347,0.0014272474690593389,1,0.9996418169759179,0.0
0.0,0.35680662213038594,0.0014272264885215437,1,0.9996418169759179,0.0
0.0,0.3568013770730406,0.0014272055082921624,1,0.9996418169759179,0.0
0.0,0.35679613209279765,0.0014271845283711905,1,0.9996418169759179,0.0
0.0,0.3567908871896559,0.0014271635487586236,1,0.9996418169759179,0.0
44.50418679126288,0.3567833945810249,0.0014271335783240997,1,0.9996418169759179,0.000959499582425351
86.77674782351163,0.3577296262663131,0.0014309185050652524,1,0.9996407130389517,0.001875843103299049
124.6979603717467,0.359586749545884,0.001438346998183536,1,0.9996385463951255,0.0027095626176973807
156.36629649360597,0.36227249311406023,0.001449089972456241,1,0.9996354130276293,0.0034230376658021425
180.19377358048382,0.36566704701064523,0.001462668188042581,1,0.99963145271475,0.0039815758056330215
194.98558243636472,0.36961606548919,0.0014784642619567602,1,0.9996268455265249,0.004354901348556077
200.0,0.37393796629104536,0.0014957518651641814,1,0.9996218033089228,0.0045190767895367705
194.98558243636472,0.3784219613064509,0.0015136878452258035,1,0.9996165719814047,0.00445855365472121
180.19377358048382,0.3828409677195162,0.0015313638708780648,1,0.9996114164739227,0.004168390758932217
156.36629649360597,0.386966596107893,0.001547866384431572,1,0.9996066032408031,0.0036561353677262167
124.69796037174672,0.3905797119483847,0.0015623188477935388,1,0.9996023879389891,0.0029428670511871266
86.77674782351164,0.39348285319426396,0.0015739314127770558,1,0.999599000940869,0.002063134574456838
44.5041867912629,0.3955133393354099,0.0015820533573416395,1,0.999596632040371,0.0010635505022394125
0.0,0.3965549121784095,0.001586219648713638,1,0.9995954168720541,0.0
0.0,0.3965490828212005,0.0015861963312848021,1,0.9995954168720541,0.0
0.0,0.396543253549683,0.001586173014198732,1,0.9995954168720541,0.0
0.0,0.3965374243638558,0.0015861496974554233,1,0.9995954168720541,0.0
0.0,0.3965315952637177,0.0015861263810548708,1,0.9995954168720541,0.0
0.0,0.3965257662492673,0.001586103064997069,1,0.9995954168720541,0.0
0.0,0.3965199373205034,0.0015860797492820136,1,0.9995954168720541,0.0
0.0,0.3965141084774248,0.0015860564339096992,1,0.9995954168720541,0.0
0.0,0.39650827972003017,0.0015860331188801207,1,0.9995954168720541,0.0
0.0,0.39650245104831827,0.0015860098041932732,1,0.9995954168720541,0.0
0.0,0.39649662246228784,0.0015859864898491514,1,0.9995954168720541,0.0
44.50418679126288,0.3964882960332161,0.0015859531841328645,1,0.9995954168720541,0.0010661694470124926
86.77674782351163,0.39754024035097574,0.001590160961403903,1,0.9995941896036834,0.002084386656763693
124.6979603717467,0.39960480121077024,0.001598419204843081,1,0.999591780949347,0.0030107976238507852
156.36629649360597,0.40259046247255337,0.0016103618498902136,1,0.9995882976778748,0.003803599843449126
180.19377358048382,0.4063639682662607,0.0016254558730650428,1,0.9995838952544489,0.004424242822568953
194.98558243636472,0.4107536742305731,0.0016430146969222924,1,0.9995787739308237,0.004839082713325418
200.0,0.41555751600118745,0.0016622300640047499,1,0.999573169448758,0.005021516227177223
194.98558243636472,0.4205413091858404,0.0016821652367433615,1,0.9995673550233759,0.004954266218436201
180.19377358048382,0.4254525009373661,0.0017018100037494643,1,0.9995616252996659,0.004631840156202407
156.36629649360597,0.43003737168221035,0.0017201494867288415,1,0.9995562762837967,0.004062626903410723
124.69796037174672,0.4340524574440537,0.0017362098297762148,1,0.9995515920170747,0.0032700521938942686
86.77674782351164,0.4372784190248087,0.0017491136760992348,1,0.9995478283952305,0.002292508385588022
44.5041867912629,0.43953459047567517,0.0017581383619027008,1,0.9995451961952045,0.0011817916914150471
0.0,0.4406918913365993,0.0017627675653463972,1,0.9995438460108669,0.0
0.0,0.4406854131657967,0.0017627416526631867,1,0.9995438460108669,0.0
0.0,0.44067893509022316,0.0017627157403608926,1,0.9995438460108669,0.0
0.0,0.44067245710987735,0.0017626898284395095,1,0.9995438460108669,0.0
0.0,0.4406659792247578,0.0017626639168990313,1,0.9995438460108669,0.0
0.0,0.4406595014348632,0.001762638005739453,1,0.9995438460108669,0.0
0.0,0.4406530237401921,0.0017626120949607684,1,0.9995438460108669,0.0
0.0,0.4406465461407431,0.0017625861845629726,1,0.9995438460108669,0.0
0.0,0.44064006863651484,0.0017625602745460593,1,0.9995438460108669,0.0
0.0,0.4406335912275059,0.0017625343649100237,1,0.9995438460108669,0.0
0.0,0.44062711391371484,0.0017625084556548594,1,0.9995438460108669,0.0
44.50418679126288,0.44061786074432263,0.0017624714429772905,1,0.9995438460108669,0.001184700920627605
86.77674782351163,0.441786783320286,0.0017671471332811439,1,0.9995424822678615,0.002316117268082648
124.6979603717467,0.4440809040709394,0.0017763236162837578,1,0.9995398057936523,0.0033455178120701794
156.36629649360597,0.4473984772603721,0.0017895939090414883,1,0.9995359352915979,0.0042264511269919204
180.19377358048382,0.4515913596623645,0.0018063654386494582,1,0.9995310435954624,0.004916079864209018
194.98558243636472,0.4564687512620455,0.001825875005048182,1,0.9995253533052626,0.005377019856977688
200.0,0.46180612272411764,0.0018472244908964706,1,0.9995191263718902,0.005579712476108452
194.98558243636472,0.4673431824301426,0.0018693727297205704,1,0.9995126664688998,0.005504962652657157
180.19377358048382,0.47279917344760874,0.001891196693790435,1,0.999506301146046,0.005146670583425293
156.36629649360597,0.4778923455564414,0.0019115693822257657,1,0.999500359111919,0.00451416500339522
124.69796037174672,0.4823523166724758,0.0019294092666899032,1,0.9994951558122838,0.0036334814862426135
86.77674782351164,0.4859355485784282,0.0019437421943137127,1,0.9994909753750602,0.002547283480652395
44.5041867912629,0.4884414835317986,0.0019537659341271945,1,0.9994880517842814,0.0013131243539830104
0.0,0.4897268582838557,0.0019589074331354227,1,0.9994865521804039,0.0
0.0,0.48971965929903893,0.001958878637196156,1,0.9994865521804039,0.0
0.0,0.48971246042004724,0.001958849841680189,1,0.9994865521804039,0.0
0.0,0.48970526164687905,0.0019588210465875163,1,0.9994865521804039,0.0
0.0,0.48969806297953283,0.0019587922519181313,1,0.9994865521804039,0.0
0.0,0.489690864418007,0.001958763457672028,1,0.9994865521804039,0.0
0.0,0.48968366596230006,0.0019587346638492,1,0.9994865521804039,0.0
0.0,0.4896764676124104,0.001958705870449642,1,0.9994865521804039,0.0
0.0,0.4896692693683365,0.001958677077473346,1,0.9994865521804039,0.0
0.0,0.48966207123007677,0.0019586482849203073,1,0.9994865521804039,0.0
0.0,0.4896548731976297,0.001958619492790519,1,0.9994865521804039,0.0
44.50418679126288,0.4896445904452925,0.00195857836178117,1,0.9994865521804039,0.0013163545906220303
86.77674782351163,0.4909430732939087,0.0019637722931756347,1,0.9994850372837473,0.0025734996941910167
124.6979603717467,0.49349145516690907,0.001973965820667636,1,0.999482064171562,0.003717284154480804
156.36629649360597,0.49717665605752925,0.001988706624230117,1,0.9994777647705229,0.004696091433025678
180.19377358048382,0.5018340314448033,0.002007336125779213,1,0.9994723311659044,0.005462322811022467
194.98558243636472,0.5072515488748449,0.0020290061954993796,1,0.9994660107289026,0.005974441530074623
200.0,0.5131799502194504,0.0020527198008778017,1,0.9994590942606673,0.006199611856423055
194.98558243636472,0.5193298571914233,0.0020773194287656933,1,0.9994519193692001,0.006116510983411525
180.19377358048382,0.5253892607352534,0.0021015570429410136,1,0.9994448500650657,0.005718369107375116
156.36629649360597,0.5310453735333971,0.0021241814941335884,1,0.9994382512668011,0.005015562968607788
124.69796037174672,0.5359980154298405,0.002143992061719362,1,0.9994324731845885,0.004037029452133946
86.77674782351164,0.5399768683750298,0.0021599074735001193,1,0.9994278311894859,0.0028301762102923207
44.5041867912629,0.5427593659861315,0.0021710374639445263,1,0.9994245849422729,0.0014589487781879558
0.0,0.5441865534309301,0.002176746213723721,1,0.999422919890254,0.0
0.0,0.5441785538885947,0.0021767142155543788,1,0.999422919890254,0.0
0.0,0.5441705544638525,0.00217668221785541,1,0.999422919890254,0.0
0.0,0.544162555156702,0.002176650220626808,1,0.999422919890254,0.0
0.0,0.5441545559671411,0.0021766182238685647,1,0.999422919890254,0.0
0.0,0.5441465568951684,0.002176586227580674,1,0.999422919890254,0.0
0.0,0.544138557940782,0.002176554231763128,1,0.999422919890254,0.0
0.0,0.5441305591039803,0.0021765222364159213,1,0.999422919890254,0.0
0.0,0.5441225603847615,0.002176490241539046,1,0.999422919890254,0.0
0.0,0.5441145617831238,0.002176458247132495,1,0.999422919890254,0.0
0.0,0.5441065632990656,0.0021764262531962625,1,0.999422919890254,0.0
44.50418679126288,0.5440951370612364,0.0021763805482449454,1,0.999422919890254,0.0014625341884219405
86.77674782351163,0.5455371657546089,0.0021821486630184354,1,0.9994212375234451,0.0028592782336443524
124.6979603717467,0.5483672618360592,0.002193469047344237,1,0.9994179357446834,0.004130060553904837
156.36629649360597,0.5524597790876191,0.0022098391163504765,1,0.9994131611412232,0.0052175281791025305
180.19377358048382,0.5576317735139066,0.0022305270940556265,1,0.9994071271477258,0.0060687956461249835
194.98558243636472,0.5636476682041802,0.002254590672816721,1,0.9994001086039206,0.006637716964262691
200.0,0.5702309368328602,0.002280923747331441,1,0.9993924281238538,0.006887822504245519
194.98558243636472,0.5770598232205866,0.0023082392928823465,1,0.9993844610897348,0.0067954293447480135
180.19377358048382,0.5837876809348453,0.0023351507237393816,1,0.9993766119224016,0.006353027992435136
156.36629649360597,0.5900673517182426,0.0023602694068729706,1,0.9993692856398209,0.00557216281206297
124.69796037174672,0.5955656658939953,0.002382262663575981,1,0.999362870939949,0.004484994704964138
86.77674782351164,0.5999826681496198,0.0023999306725984793,1,0.9993577177706509,0.003144199413141595
44.5041867912629,0.6030714417371065,0.002412285766948426,1,0.9993541142014654,0.001620817797355943
0.0,0.604655672676887,0.002418622690707548,1,0.9993522659320357,0.0
0.0,0.6046467842384987,0.002418587136953995,1,0.9993522659320357,0.0
0.0,0.6046378959307704,0.0024185515837230817,1,0.9993522659320357,0.0
0.0,0.6046290077537002,0.002418516031014801,1,0.9993522659320357,0.0
0.0,0.6046201197072862,0.002418480478829145,1,0.9993522659320357,0.0
0.0,0.6046112317915265,0.002418444927166106,1,0.9993522659320357,0.0
0.0,0.6046023440064192,0.002418409376025677,1,0.9993522659320357,0.0
0.0,0.6045934563519623,0.002418373825407849,1,0.9993522659320357,0.0
0.0,0.6045845688281539,0.002418338275312616,1,0.9993522659320357,0.0
0.0,0.6045756814349922,0.0024183027257399688,1,0.9993522659320357,0.0
0.0,0.604566794172475,0.0024182671766899,1,0.9993522659320357,0.0
44.50418679126288,0.6045540982697974,0.00241821639307919,1,0.9993522659320357,0.001624796215717872
86.77674782351163,0.6061551731069397,0.0024246206924277585,1,0.9993503980113925,0.0031764956163684026
124.6979603717467,0.6092974076797699,0.0024371896307190796,1,0.9993467320710575,0.004588241321700982
156.36629649360597,0.613841220385098,0.002455364881540392,1,0.9993414309562346,0.005796311335514948
180.19377358048382,0.6195833701199328,0.002478333480479731,1,0.9993347317815439,0.006741951703185485
194.98558243636472,0.6262621685955484,0.0025050486743821935,1,0.999326939849989,0.007373901566092299
200.0,0.6335710012841513,0.0025342840051366055,1,0.9993184128785189,0.00765166234284951
194.98558243636472,0.6411520882030866,0.002564608352812346,1,0.9993095682771135,0.007548933843885274
180.19377358048382,0.6486203947022654,0.0025944815788090615,1,0.9993008552528644,0.007057389915836176
156.36629649360597,0.6555907041858405,0.0026223628167433622,1,0.9992927232251335,0.006189875276539215
124.69796037174672,0.6616933299998217,0.002646773319999287,1,0.999285603495017,0.004982132397241978
86.77674782351164,0.6665955241666878,0.002666382096666751,1,0.9992798842684891,0.0034926852926242414
44.5041867912629,0.6700234357700797,0.0026800937430803188,1,0.9992758850382851,0.0018004486268133723
0.0,0.6717815530569069,0.0026871262122276276,1,0.9992738339014505,0.0
0.0,0.671771677868077,0.002687086711472308,1,0.9992738339014505,0.0
0.0,0.6717618028244123,0.002687047211297649,1,0.9992738339014505,0.0
0.0,0.6717519279259108,0.002687007711703643,1,0.9992738339014505,0.0
0.0,0.6717420531725703,0.0026869682126902813,1,0.9992738339014505,0.0
0.0,0.6717321785643887,0.002686928714257555,1,0.9992738339014505,0.0
0.0,0.6717223041013638,0.0026868892164054552,1,0.9992738339014505,0.0
0.0,0.6717124297834935,0.0026868497191339744,1,0.9992738339014505,0.0
0.0,0.6717025556107757,0.002686810222443103,1,0.9992738339014505,0.0
0.0,0.6716926815832083,0.002686770726332833,1,0.9992738339014505,0.0
0.0,0.671682807700789,0.002686731230803156,1,0.9992738339014505,0.0
44.50418679126288,0.6716687023618273,0.002686674809447309,1,0.9992738339014505,0.001804861832338288
86.77674782351163,0.6734459687262464,0.0026937838749049856,1,0.9992717604240253,0.0035285162768650927
124.6979603717467,0.6769339938514465,0.002707735975405786,1,0.9992676910613791,0.005096684881946066
156.36629649360597,0.6819777422830187,0.0027279109691320746,1,0.9992618066882091,0.006438576155297707
180.19377358048382,0.6883514606671012,0.0027534058426684047,1,0.9992543706834276,0.007488923576506429
194.98558243636472,0.6957645043785118,0.002783058017514047,1,0.9992457221324309,0.008190791751652231
200.0,0.7038770584533026,0.0028155082338132105,1,0.9992362574860103,0.008499216205552515
194.98558243636472,0.7122912740478812,0.0028491650961915247,1,0.99922644090115,0.008384995122128916
180.19377358048382,0.7205795792206796,0.0028823183168827184,1,0.9992167712117819,0.007838901012228174
156.36629649360597,0.7283146281351836,0.0029132585125407344,1,0.9992077469880483,0.006875226478630151
124.69796037174672,0.7350863257389815,0.002940345302955926,1,0.9991998466741772,0.005533691837574997
86.77674782351164,0.740525653805177,0.002962102615220708,1,0.9991935007914333,0.0038793118245226245
44.5041867912629,0.7443289820096948,0.002977315928038779,1,0.9991890635751947,0.001999736488374156
0.0,0.746279577460381,0.002985118309841524,1,0.9991867878805022,0.0
0.0,0.7462686071505923,0.002985074428602369,1,0.9991867878805022,0.0
0.0,0.7462576370020672,0.0029850305480082686,1,0.9991867878805022,0.0
0.0,0.7462466670148032,0.0029849866680592132,1,0.9991867878805022,0.0
0.0,0.7462356971887981,0.0029849427887551926,1,0.9991867878805022,0.0
0.0,0.7462247275240494,0.0029848989100961978,1,0.9991867878805022,0.0
0.0,0.7462137580205549,0.0029848550320822195,1,0.9991867878805022,0.0
0.0,0.746202788678312,0.0029848111547132483,1,0.9991867878805022,0.0
0.0,0.7461918194973185,0.002984767277989274,1,0.9991867878805022,0.0
0.0,0.7461808504775719,0.0029847234019102875,1,0.9991867878805022,0.0
0.0,0.7461698816190698,0.0029846795264762793,1,0.9991867878805022,0.0
44.50418679126288,0.7461542120515559,0.0029846168482062234,1,0.9991867878805022,0.002004630519601003
86.77674782351163,0.7481266070827505,0.002992506428331002,1,0.9991844867529657,0.0039190530727626965
124.6979603717467,0.7519975909476013,0.0030079903637904052,1,0.9991799706051233,0.0056607523810539824
156.36629649360597,0.7575949927289588,0.0030303799709158353,1,0.9991734403030451,0.007151091974199342
180.19377358048382,0.7646680936047223,0.0030586723744188892,1,0.9991651883520234,0.008317579908575103
194.98558243636472,0.7728941434144752,0.0030915765736579007,1,0.9991555912939121,0.009096987075532623
200.0,0.7818967064929767,0.003127586825971907,1,0.9991450883036538,0.00943940029788564
194.98558243636472,0.7912333735542464,0.0031649334942169855,1,0.9991341955254156,0.00931240192542817
180.19377358048382,0.8004294516358758,0.003201717806543503,1,0.9991234667676536,0.0087057702617266
156.36629649360597,0.8090109781289277,0.003236043912515711,1,0.9991134549867451,0.007635409947378213
124.69796037174672,0.816523163403695,0.0032660926536147803,1,0.9991046907705912,0.0061454583321733135
86.77674782351164,0.8225568927101341,0.0032902275708405365,1,0.9990976514197336,0.004308132060840227
44.5041867912629,0.8267756285848854,0.0033071025143395416,1,0.9990927295612132,0.0022207697046190077
0.0,0.8289391941304006,0.0033157567765216027,1,0.99909020540141,0.0
0.0,0.828927008724247,0.0033157080348969878,1,0.99909020540141,0.0
0.0,0.8289148234972187,0.003315659293988875,1,0.99909020540141,0.0
0.0,0.8289026384493132,0.003315610553797253,1,0.99909020540141,0.0
0.0,0.828890453580528,0.003315561814322112,1,0.99909020540141,0.0
0.0,0.8288782688908604,0.0033155130755634413,1,0.99909020540141,0.0
0.0,0.8288660843803076,0.0033154643375212308,1,0.99909020540141,0.0
0.0,0.8288539000488673,0.0033154156001954692,1,0.99909020540141,0.0
0.0,0.8288417158965365,0.0033153668635861463,1,0.99909020540141,0.0
0.0,0.8288295319233129,0.0033153181276932516,1,0.99909020540141,0.0
0.0,0.8288173481291936,0.0033152693925167743,1,0.99909020540141,0.0
44.50418679126288,0.8287999429648829,0.0033151997718595316,1,0.99909020540141,0.0022261952052589173
86.77674782351163,0.8309883567763244,0.003323953427105298,1,0.9990876522519633,0.004352196842190455
124.6979603717467,0.8352833004465052,0.003341133201786021,1,0.999082641484348,0.006286350346332179
156.36629649360597,0.8414936073464562,0.003365974429385825,1,0.999075396126298,0.00794131603320012
180.19377358048382,0.8493408789909904,0.0033973635159639617,1,0.999066240976046,0.009236587885796036
194.98558243636472,0.858466777174026,0.003433867108696104,1,0.9990555940948326,0.010101958435227092
200.0,0.8684544989146318,0.003473817995658527,1,0.999043941752802,0.010482032792703015
194.98558243636472,0.878812085043809,0.0035152483401752364,1,0.999031857902318,0.010340830551719743
180.19377358048382,0.8890126632938296,0.0035560506531753184,1,0.999019957227693,0.009667034212866958
156.36629649360597,0.8985307142375977,0.003594122856950391,1,0.9990088528349252,0.008478343212527812
124.69796037174672,0.9068620395375985,0.003627448158150394,1,0.9989991329554087,0.006823798597591597
86.77674782351164,0.9135532245803327,0.003654212898321331,1,0.9989913265728588,0.004783605886544758
44.5041867912629,0.9182313921494608,0.0036729255685978433,1,0.9989858687106948,0.002465846039462211
0.0,0.9206304833774207,0.003682521933509683,1,0.9989830697709289,0.0
0.0,0.9206169501093151,0.0036824678004372603,1,0.9989830697709289,0.0
0.0,0.9206034170401485,0.003682413668160594,1,0.9989830697709289,0.0
0.0,0.9205898841699179,0.0036823595366796717,1,0.9989830697709289,0.0
0.0,0.9205763514986206,0.0036823054059944827,1,0.9989830697709289,0.0
0.0,0.9205628190262536,0.0036822512761050144,1,0.9989830697709289,0.0
0.0,0.9205492867528139,0.0036821971470112555,1,0.9989830697709289,0.0
0.0,0.9205357546782986,0.0036821430187131948,1,0.9989830697709289,0.0
0.0,0.9205222228027049,0.0036820888912108196,1,0.9989830697709289,0.0
0.0,0.9205086911260297,0.003682034764504119,1,0.9989830697709289,0.0
0.0,0.9204951596482702,0.003681980638593081,1,0.9989830697709289,0.0
44.50418679126288,0.9204758292499176,0.0036819033169996703,1,0.9989830697709289,0.0024718586285383056
86.77674782351163,0.9229032795063161,0.0036916131180252647,1,0.9989802377456298,0.004832448370787265
124.6979603717467,0.9276673598190486,0.003710669439276194,1,0.9989746796519317,0.006979976784051292
156.36629649360597,0.9345558519067213,0.003738223407626885,1,0.9989666430778295,0.00881745157217602
180.19377358048382,0.943259677276678,0.0037730387091067124,1,0.9989564886148978,0.010255480594457462
194.98558243636472,0.9533810620060045,0.003813524248024018,1,0.9989446803327137,0.011216121455110894
200.0,0.9644587432285375,0.0038578349729141504,1,0.9989317563712873,0.01163790965883866
194.98558243636472,0.9759456684443139,0.0039037826737772555,1,0.9989183549585355,0.011480919316989571
180.19377358048382,0.9872572100581272,0.003949028840232509,1,0.998905158159986,0.010732626263636474
156.36629649360597,0.9978108609616437,0.003991243443846575,1,0.9988928455672652,0.009412728280670071
124.69796037174672,1.0070478368001972,0.0040281913472007885,1,0.9988820690954535,0.0075757092251806
86.77674782351164,1.0144658128217934,0.0040578632512871735,1,0.998873414790095,0.005310633871969352
44.5041867912629,1.0196518111737407,0.004078607244694963,1,0.9988673644586843,0.0027374901032798183
0.0,1.0223112217615404,0.004089244887046162,1,0.9988642618129986,0.0
0.0,1.0222961937865804,0.004089184775146322,1,0.9988642618129986,0.0
0.0,1.0222811660325317,0.004089124664130127,1,0.9988642618129986,0.0
0.0,1.022266138499391,0.004089064553997564,1,0.9988642618129986,0.0
0.0,1.022251111187155,0.00408900444474862,1,0.9988642618129986,0.0
0.0,1.0222360840958207,0.004088944336383283,1,0.9988642618129986,0.0
0.0,1.0222210572253845,0.004088884228901538,1,0.9988642618129986,0.0
0.0,1.0222060305758434,0.004088824122303374,1,0.9988642618129986,0.0
0.0,1.022191004147194,0.004088764016588776,1,0.9988642618129986,0.0
0.0,1.022175977939433,0.004088703911757733,1,0.9988642618129986,0.0
0.0,1.0221609519525574,0.00408864380781023,1,0.9988642618129986,0.0
44.50418679126288,1.0221394865725664,0.004088557946290265,1,0.9988642618129986,0.0027441507642957945
86.77674782351163,1.0248313054711449,0.004099325221884579,1,0.9988611213576168,0.005364752416284012
124.6979603717467,1.0301142422386516,0.004120456968954606,1,0.9988549579313881,0.007748770213262938
156.36629649360597,1.037752756726495,0.0041510110269059805,1,0.9988460463311523,0.009788509566533576
180.19377358048382,1.0474037765186084,0.004189615106074434,1,0.9988347868080615,0.011384728517619121
194.98558243636472,1.058625844551611,0.004234503378206444,1,0.9988216943953563,0.012450914276693273
200.0,1.0709087796790093,0.004283635118716037,1,0.9988073643043744,0.012918884932979978
194.98558243636472,1.0836442768971297,0.004334577107588519,1,0.9987925062242866,0.012744347271520956
180.19377358048382,1.0961838132169675,0.00438473525286787,1,0.9987778767652469,0.011913449791292953
156.36629649360597,1.1078819317765087,0.004431527727106035,1,0.9987642289602608,0.010448115383854482
124.69796037174672,1.1181195848241823,0.004472478339296729,1,0.9987522850317053,0.008408867706084445
86.77674782351164,1.126340489291796,0.004505361957167184,1,0.998742693976493,0.005894592878654883
44.5041867912629,1.1320874535081424,0.00452834981403257,1,0.9987359891849071,0.0030384716468650533
0.0,1.1350343990733915,0.004540137596293566,1,0.9987325510817477,0.0
0.0,1.1350177140677251,0.004540070856270901,1,0.9987325510817477,0.0
0.0,1.1350010293073283,0.004540004117229313,1,0.9987325510817477,0.0
0.0,1.1349843447921975,0.00453993737916879,1,0.9987325510817477,0.0
0.0,1.1349676605223291,0.004539870642089316,1,0.9987325510817477,0.0
0.0,1.1349509764977195,0.004539803905990878,1,0.9987325510817477,0.0
0.0,1.134934292718365,0.00453973717087346,1,0.9987325510817477,0.0
0.0,1.134917609184262,0.004539670436737048,1,0.9987325510817477,0.0
0.0,1.134900925895407,0.004539603703581628,1,0.9987325510817477,0.0
0.0,1.1348842428517965,0.004539536971407186,1,0.9987325510817477,0.0
0.0,1.1348675600534266,0.004539470240213707,1,0.9987325510817477,0.0
44.50418679126288,1.1348437278346655,0.004539374911338662,1,0.9987325510817477,0.003045847130459111
86.77674782351163,1.1378277605229117,0.004551311042091647,1,0.9987290697102782,0.005954533447298779
124.6979603717467,1.1436842061779362,0.004574736824711745,1,0.9987222371903473,0.00860056114037125
156.36629649360597,1.1521516981983049,0.004608606792793219,1,0.9987123584496569,0.010864373483022305
180.19377358048382,1.1628495130827112,0.004651398052330845,1,0.9986998776656251,0.012635814449100068
194.98558243636472,1.1752878261336768,0.004701151304534707,1,0.998685366300399,0.013818878964948017
200.0,1.1889026945355574,0.00475561077814223,1,0.9986694822872634,0.014337954614955318
194.98558243636472,1.2030177178859258,0.004812070871543703,1,0.9986530147600213,0.014143916356774847
180.19377358048382,1.21691372443309,0.004867654897732361,1,0.9986368027523831,0.013221454372517136
156.36629649360597,1.229875772172056,0.004919503088688224,1,0.9986216803633543,0.011594969333525714
124.69796037174672,1.2412183343682672,0.004964873337473069,1,0.9986084473741254,0.009331685478056597
86.77674782351164,1.250325651938254,0.005001302607753016,1,0.9985978221702936,0.006541373039784129
44.5041867912629,1.2566918296525058,0.0050267673186100235,1,0.9985903949629604,0.003371824548446685
0.0,1.2599561393484813,0.005039824557393925,1,0.9985865866016485,0.0
0.0,1.259937617993233,0.005039750471972932,1,0.9985865866016485,0.0
0.0,1.2599190969102485,0.005039676387640994,1,0.9985865866016485,0.0
0.0,1.2599005760995239,0.005039602304398096,1,0.9985865866016485,0.0
0.0,1.2598820555610553,0.005039528222244221,1,0.9985865866016485,0.0
0.0,1.2598635352948384,0.005039454141179353,1,0.9985865866016485,0.0
0.0,1.2598450153008696,0.0050393800612034785,1,0.9985865866016485,0.0
0.0,1.2598264955791447,0.005039305982316579,1,0.9985865866016485,0.0
0.0,1.2598079761296597,0.005039231904518639,1,0.9985865866016485,0.0
0.0,1.2597894569524106,0.005039157827809643,1,0.9985865866016485,0.0
0.0,1.2597709380473934,0.005039083752189573,1,0.9985865866016485,0.0
44.50418679126288,1.2597444828576945,0.005038977931430778,1,0.9985865866016485,0.0033799877822468225
86.77674782351163,1.2630512961229778,0.005052205184491911,1,0.998582728652839,0.006607732711630894
124.6979603717467,1.2695412455438553,0.005078164982175421,1,0.9985751570451813,0.009543925417217509
156.36629649360597,1.278924377512391,0.005115697510049564,1,0.9985642100578848,0.012055866347721121
180.19377358048382,1.290778285106687,0.005163113140426748,1,0.9985503804990248,0.014021310997407452
194.98558243636472,1.3045596144145128,0.005218238457658051,1,0.998534302281499,0.015333745619393092
200.0,1.3196454151157462,0.005278581660462985,1,0.9985167021806808,0.015909343232683188
194.98558243636472,1.3352835898193403,0.005341134359277361,1,0.9984984576435266,0.01569363605295766
180.19377358048382,1.3506768993523477,0.005402707597409391,1,0.9984804987824049,0.014669714196815611
156.36629649360597,1.3650337644955843,0.005460135057982337,1,0.9984637491064045,0.012864737685072994
124.69796037174672,1.3775953868702997,0.005510381547481199,1,0.9984490938803007,0.010353362348578862
86.77674782351164,1.3876805124308431,0.005550722049723372,1,0.99843732790048,0.007257415659234684
44.5041867912629,1.3947296521004984,0.005578918608401993,1,0.9984291039041987,0.0037408662574378577
0.0,1.3983439659035801,0.005593375863614321,1,0.9984248872047619,0.0
0.0,1.3983234102472812,0.005593293640989125,1,0.9984248872047619,0.0
0.0,1.3983028548931506,0.005593211419572603,1,0.9984248872047619,0.0
0.0,1.3982822998411837,0.005593129199364734,1,0.9984248872047619,0.0
0.0,1.3982617450913761,0.005593046980365505,1,0.9984248872047619,0.0
0.0,1.3982411906437233,0.005592964762574894,1,0.9984248872047619,0.0
0.0,1.3982206364982208,0.005592882545992883,1,0.9984248872047619,0.0
0.0,1.3982000826548644,0.005592800330619457,1,0.9984248872047619,0.0
0.0,1.3981795291136494,0.005592718116454598,1,0.9984248872047619,0.0
0.0,1.3981589758745714,0.005592635903498286,1,0.9984248872047619,0.0
0.0,1.3981384229376261,0.005592553691750505,1,0.9984248872047619,0.0
44.50418679126288,1.3981090620307444,0.005592436248122978,1,0.9984248872047619,0.0037498967555898545
86.77674782351163,1.4017721617475967,0.005607088646990387,1,0.9984206135884256,0.007330846168411034
124.6979603717467,1.4089613793106808,0.005635845517242723,1,0.9984122261679353,0.010588238806715496
156.36629649360597,1.4193551345126647,0.005677420538050659,1,0.9984001001201996,0.013374819266024882
180.19377358048382,1.4324848953396039,0.005729939581358415,1,0.9983847820659015,0.015554959669680617
194.98558243636472,1.447748097338732,0.0057909923893549285,1,0.9983669749969025,0.01701051807292282
200.0,1.464457119801216,0.005857828479204864,1,0.998347481137363,0.017648591903805928
194.98558243636472,1.4817757254203685,0.005927102901681474,1,0.998327276097474,0.017408809345196407
180.19377358048382,1.4988204692451308,0.005995281876980524,1,0.9983073905630117,0.01627250756307568
156.36629649360597,1.5147153220452036,0.006058861288180815,1,0.9982888465680781,0.014269919727215162
124.69796037174672,1.5286208050974204,0.006114483220389682,1,0.9982726235045173,0.011483941492047444
86.77674782351164,1.5397836180337223,0.0061591344721348895,1,0.9982596002227583,0.008049751461783303
44.5041867912629,1.5475853639757355,0.006190341455902942,1,0.9982504981858259,0.004149217400539154
0.0,1.5515853330744827,0.006206341332297931,1,0.9982458315552107,0.0
0.0,1.5515625247700864,0.0062062500990803455,1,0.9982458315552107,0.0
0.0,1.5515397168009724,0.006206158867203889,1,0.9982458315552107,0.0
0.0,1.5515169091671355,0.006206067636668542,1,0.9982458315552107,0.0
0.0,1.5514941018685706,0.006205976407474283,1,0.9982458315552107,0.0
0.0,1.5514712949052731,0.006205885179621093,1,0.9982458315552107,0.0
0.0,1.5514484882772381,0.006205793953108952,1,0.9982458315552107,0.0
0.0,1.5514256819844605,0.006205702727937842,1,0.9982458315552107,0.0
0.0,1.5514028760269354,0.006205611504107741,1,0.9982458315552107,0.0
0.0,1.5513800704046579,0.006205520281618631,1,0.9982458315552107,0.0
0.0,1.5513572651176228,0.006205429060470492,1,0.9982458315552107,0.0
44.50418679126288,1.5513246866150554,0.0062052987464602215,1,0.9982458315552107,0.004159201663704158
86.77674782351163,1.555380741950136,0.006221522967800544,1,0.9982410994906532,0.008130962703671264
124.6979603717467,1.5633412019030368,0.006253364807612147,1,0.9982318122873748,0.011743731912980436
156.36629649360597,1.5748495165405534,0.006299398066162214,1,0.9982183859202978,0.014834140321037062
180.19377358048382,1.5893861414052703,0.006357544565621082,1,0.9982014265246223,0.017251750274126624
194.98558243636472,1.6062830552446794,0.006425132220978718,1,0.9981817134584763,0.018865559782066242
200.0,1.6247818765919475,0.00649912750636779,1,0.9981601315002379,0.019572646426887375
194.98558243636472,1.6439528529490204,0.006575811411796082,1,0.9981377653611546,0.019306118541762705
180.19377358048382,1.6628174191231193,0.006651269676492477,1,0.9981157567006181,0.018045396070051796
156.36629649360597,1.680406578360672,0.006721626313442688,1,0.9980952360148411,0.01582413506256247
124.69796037174672,1.6957921085919516,0.0067831684343678065,1,0.9980772862295713,0.012734364017163904
86.77674782351164,1.7081415495712597,0.006832566198285039,1,0.9980628785484288,0.00892603848449691
44.5041867912629,1.716771837498548,0.006867087349994192,1,0.9980528098791802,0.004600821181957326
0.0,1.7211963245139716,0.006884785298055886,1,0.9980476479776623,0.0
0.0,1.7211710229280013,0.0068846840917120055,1,0.9980476479776623,0.0
0.0,1.7211457217139643,0.006884582886855857,1,0.9980476479776623,0.0
0.0,1.7211204208718551,0.006884481683487421,1,0.9980476479776623,0.0
0.0,1.7210951204016682,0.006884380481606673,1,0.9980476479776623,0.0
0.0,1.7210698203033983,0.006884279281213593,1,0.9980476479776623,0.0
0.0,1.7210445205770397,0.006884178082308159,1,0.9980476479776623,0.0
0.0,1.7210192212225872,0.006884076884890349,1,0.9980476479776623,0.0
0.0,1.7209939222400352,0.006883975688960141,1,0.9980476479776623,0.0
0.0,1.7209686236293782,0.006883874494517513,1,0.9980476479776623,0.0
0.0,1.7209433253906108,0.006883773301562444,1,0.9980476479776623,0.0
44.50418679126288,1.7209071855807776,0.00688362874232311,1,0.9980476479776623,0.004611853076512882
86.77674782351163,1.725396257341144,0.006901585029364577,1,0.9980424107272753,0.00901580190339938
124.6979603717467,1.7342065923852772,0.006936826369541109,1,0.998032132003057,0.013021544421790144
156.36629649360597,1.7469429985632916,0.006987771994253166,1,0.9980172728625161,0.016447882508397065
180.19377358048382,1.7630295475220568,0.007052118190088227,1,0.9979985052220642,0.019127999064877613
194.98558243636472,1.7817259024815928,0.007126903609926371,1,0.9979766928079448,0.02091667816533803
200.0,1.802196398637633,0.007208785594550533,1,0.9979528105624295,0.021699943571938732
194.98558243636472,1.8234071656185542,0.007293628662474217,1,0.9979280646676184,0.02140370683854812
180.19377358048382,1.8442750612968217,0.007377100245187287,1,0.9979037187893269,0.020005298605670234
156.36629649360597,1.863728765026437,0.007454915060105748,1,0.9978810228016424,0.017542186630812598
124.69796037174672,1.8807425626558991,0.007522970250623597,1,0.9978611733710746,0.014116518363870185
86.77674782351164,1.8943971356998954,0.007577588542799582,1,0.9978452430358566,0.009894595952441396
44.5041867912629,1.9039385342103263,0.007615754136841305,1,0.9978341114042611,0.005099960572999095
0.0,1.9088297850101024,0.00763531914004041,1,0.9978284049449947,0.0
0.0,1.9088017252122627,0.007635206900849051,1,0.9978284049449947,0.0
0.0,1.908773665826902,0.007635094663307609,1,0.9978284049449947,0.0
0.0,1.9087456068540145,0.0076349824274160585,1,0.9978284049449947,0.0
0.0,1.9087175482935939,0.007634870193174376,1,0.9978284049449947,0.0
0.0,1.908689490145634,0.007634757960582536,1,0.9978284049449947,0.0
0.0,1.9086614324101288,0.007634645729640515,1,0.9978284049449947,0.0
0.0,1.9086333750870723,0.0076345335003482895,1,0.9978284049449947,0.0
0.0,1.9086053181764586,0.007634421272705834,1,0.9978284049449947,0.0
0.0,1.9085772616782815,0.007634309046713126,1,0.9978284049449947,0.0
0.0,1.9085492055925348,0.007634196822370139,1,0.9978284049449947,0.0
44.50418679126288,1.9085091260592173,0.00763403650423687,1,0.9978284049449947,0.0051121416116985995
86.77674782351163,1.9134748942696624,0.00765389957707865,1,0.9978226115487492,0.00999374733288706
124.6979603717467,1.923220842730226,0.007692883370920904,1,0.9978112412755452,0.014433772794260766
156.36629649360597,1.9373091083261833,0.007749236433304734,1,0.9977948049656832,0.018231303298417052
180.19377358048382,1.9551014831330324,0.00782040593253213,1,0.9977740471950752,0.021201416996897347
194.98558243636472,1.975777794303035,0.00790311117721214,1,0.9977499248320436,0.023183197929752115
200.0,1.998418141990658,0.007993672567962632,1,0.9977235110930747,0.024050485734232498
194.98558243636472,2.021872469355622,0.008087489877422489,1,0.9976961477111488,0.02372125124274152
180.19377358048382,2.0449431926292685,0.008179772770517074,1,0.9976692318673296,0.02217055843465304
156.36629649360597,2.066446372019171,0.008265785488076684,1,0.997644144824708,0.01944011862596897
124.69796037174672,2.0852493368922604,0.008340997347569042,1,0.997622208032356,0.01564328624883732
86.77674782351164,2.100337607017841,0.008401350428071365,1,0.9976046050505429,0.010964436101557503
44.5041867912629,2.110879654466486,0.008443518617865945,1,0.9975923059951861,0.005651274574827381
0.0,2.11628346712757,0.00846513386851028,1,0.9975860015470815,0.0
0.0,2.116252357760603,0.008465009431042413,1,0.9975860015470815,0.0
0.0,2.116221248850944,0.008464884995403777,1,0.9975860015470815,0.0
0.0,2.116190140398586,0.008464760561594344,1,0.9975860015470815,0.0
0.0,2.116159032403522,0.00846463612961409,1,0.9975860015470815,0.0
0.0,2.116127924865746,0.008464511699462983,1,0.9975860015470815,0.0
0.0,2.1160968177852504,0.008464387271141002,1,0.9975860015470815,0.0
0.0,2.116065711162029,0.008464262844648117,1,0.9975860015470815,0.0
0.0,2.116034604996075,0.0084641384199843,1,0.9975860015470815,0.0
0.0,2.1160034992873817,0.008464013997149527,1,0.9975860015470815,0.0
0.0,2.1159723940359423,0.008463889576143769,1,0.9975860015470815,0.0
44.50418679126288,2.1159279586156674,0.00846371183446267,1,0.9975860015470815,0.005664714164312133
86.77674782351163,2.1214179455174578,0.008485671782069831,1,0.9975795965623628,0.011073878109662512
124.6979603717467,2.1321927896527724,0.00852877115861109,1,0.9975670259108717,0.01599351543318023
156.36629649360597,2.147767544139672,0.008591070176558689,1,0.9975488553639703,0.02020092089117451
180.19377358048382,2.167435259963965,0.00866974103985586,1,0.9975259096955087,0.023491173965216813
194.98558243636472,2.19028769503163,0.008761150780126521,1,0.9974992485212631,0.025686029787640032
200.0,2.2153133465463073,0.008861253386185229,1,0.9974700519278294,0.026645910570031572
194.98558243636472,2.241232958158518,0.008964931832634072,1,0.9974398123809486,0.02628003850831204
180.19377358048382,2.2667232144542107,0.009066892857816844,1,0.9974100737486036,0.02456101661168502
156.36629649360597,2.290476585740927,0.009161906342963707,1,0.9973823614821025,0.021535282793118324
124.69796037174672,2.311243219170498,0.009244972876681991,1,0.9973581337431013,0.017328597326059528
86.77674782351164,2.3279045301619057,0.009311618120647623,1,0.9973386955469447,0.012145303210203085
44.5041867912629,2.339544224921105,0.00935817689968442,1,0.997325115903059,0.006259778591071208
0.0,2.3455101974946984,0.009382040789978794,1,0.997318155601723,0.0
0.0,2.345475718494795,0.009381902873979182,1,0.997318155601723,0.0
0.0,2.3454412400017333,0.009381764960006934,1,0.997318155601723,0.0
0.0,2.345406762015505,0.00938162704806202,1,0.997318155601723,0.0
0.0,2.3453722845361034,0.009381489138144414,1,0.997318155601723,0.0
0.0,2.3453378075635207,0.009381351230254083,1,0.997318155601723,0.0
0.0,2.3453033310977496,0.009381213324390998,1,0.997318155601723,0.0
0.0,2.3452688551387824,0.00938107542055513,1,0.997318155601723,0.0
0.0,2.345234379686612,0.009380937518746447,1,0.997318155601723,0.0
0.0,2.3451999047412304,0.009380799618964921,1,0.997318155601723,0.0
0.0,2.3451654303026306,0.009380661721210522,1,0.997318155601723,0.0
44.50418679126288,2.3451161818285944,0.009380464727314377,1,0.997318155601723,0.006274594458982618
86.77674782351163,2.351181971162784,0.009404727884651135,1,0.9973110788474997,0.012266008901282339
124.6979603717467,2.363086968332047,0.009452347873328187,1,0.9972971896841356,0.01771492994581825
156.36629649360597,2.380294316846592,0.009521177267386369,1,0.9972771144442019,0.022374585620235823
180.19377358048382,2.402021255685841,0.009608085022743363,1,0.9972517663488896,0.026017980467597353
194.98558243636472,2.4272624748966973,0.00970904989958679,1,0.9972223182598102,0.02844775797698868
200.0,2.4549071086931398,0.009819628434772559,1,0.9971900661870476,0.02950957987064256
194.98558243636472,2.4835322517757112,0.009934129007102846,1,0.9971566701867846,0.029103039076640424
180.19377358048382,2.5116766259926746,0.0100467065039707,1,0.9971238350835314,0.027198073885089828
156.36629649360597,2.537897261541705,0.01015158904616682,1,0.9970932443420577,0.023846386823567007
124.69796037174672,2.5608161218228225,0.01024326448729129,1,0.9970665056717297,0.019187463990213233
86.77674782351164,2.5792009323780007,0.010316803729512004,1,0.997045056726082,0.013447695664529585
44.5041867912629,2.592042952319591,0.010368171809278364,1,0.9970300743694837,0.006930874961631854
0.0,2.5986245900033462,0.010394498360013386,1,0.997022395792186,0.0
0.0,2.598586390221873,0.010394345560887492,1,0.997022395792186,0.0
0.0,2.598548191001937,0.010394192764007748,1,0.997022395792186,0.0
0.0,2.598509992343529,0.010394039969374116,1,0.997022395792186,0.0
0.0,2.5984717942466418,0.010393887176986567,1,0.997022395792186,0.0
0.0,2.598433596711266,0.010393734386845065,1,0.997022395792186,0.0
0.0,2.5983953997373943,0.010393581598949578,1,0.997022395792186,0.0
0.0,2.598357203325018,0.010393428813300073,1,0.997022395792186,0.0
0.0,2.5983190074741294,0.010393276029896517,1,0.997022395792186,0.0
0.0,2.5982808121847194,0.010393123248738877,1,0.997022395792186,0.0
0.0,2.5982426174567803,0.010392970469827121,1,0.997022395792186,0.0
44.50418679126288,2.5981880543618137,0.010392752217447255,1,0.997022395792186,0.006947193176896251
86.77674782351163,2.6048854931416954,0.010419541972566781,1,0.9970145821136094,0.013580709515661756
124.6979603717467,2.6180302727986065,0.010472121091194426,1,0.9969992465373431,0.019613260856575145
156.36629649360597,2.6370283592080765,0.010548113436832306,1,0.9969770821031987,0.02477151389298571
180.19377358048382,2.6610134549941615,0.010644053819976646,1,0.9969490994914482,0.028804125496297118
194.98558243636472,2.6888733654785617,0.010755493461914248,1,0.9969165962625497,0.031492679658018455
200.0,2.719389749134007,0.010877558996536028,1,0.9968809938149518,0.03266661823146113
194.98558243636472,2.750980010863742,0.01100392004345497,1,0.9968441385096004,0.03221494697817443
180.19377358048382,2.7820317007878312,0.011128126803151325,1,0.9968079115380224,0.03010472761112083
156.36629649360597,2.8109536499802834,0.011243814599921133,1,0.9967741692639646,0.026393526355827823
124.69796037174672,2.836227845884363,0.011344911383537453,1,0.9967446827020765,0.021236006835308904
86.77674782351164,2.8564980926618126,0.01142599237064725,1,0.9967210340808361,0.014882883623600433
44.5041867912629,2.8706550317264092,0.011482620126905638,1,0.9967045176519275,0.007670361999777436
0.0,2.877909862367418,0.011511639449469672,1,0.9966960536828463,0.0
0.0,2.8778675570924412,0.011511470228369765,1,0.9966960536828463,0.0
0.0,2.877825252439352,0.011511301009757408,1,0.9966960536828463,0.0
0.0,2.877782948408141,0.011511131793632565,1,0.9966960536828463,0.0
0.0,2.8777406449987994,0.011510962579995197,1,0.9966960536828463,0.0
0.0,2.877698342211318,0.011510793368845272,1,0.9966960536828463,0.0
0.0,2.8776560400456876,0.011510624160182751,1,0.9966960536828463,0.0
0.0,2.877613738501899,0.011510454954007597,1,0.9966960536828463,0.0
0.0,2.877571437579943,0.011510285750319772,1,0.9966960536828463,0.0
0.0,2.8775291372798106,0.011510116549119242,1,0.9966960536828463,0.0
0.0,2.877486837601493,0.011509947350405971,1,0.9966960536828463,0.0
44.50418679126288,2.877426410377903,0.011509705641511613,1,0.9966960536828463,0.007688316979603267
86.77674782351163,2.8848157882700494,0.011539263153080197,1,0.9966874327419721,0.015029322306072804
124.6979603717467,2.899318705242608,0.011597274820970432,1,0.9966705126721708,0.021704864082778816
156.36629649360597,2.9202782102267135,0.011681112840906855,1,0.996646059916356,0.027412317895591183
180.19377358048382,2.9467360474809436,0.011786944189923775,1,0.9966151924395594,0.031873509287971384
194.98558243636472,2.977462450089906,0.011909849800359624,1,0.996579344969849,0.03484683841028223
200.0,3.0111231926831445,0.012044492770732579,1,0.9965400741034902,0.03614394530228075
194.98558243636472,3.0459581925154713,0.012183832770061886,1,0.9964994332703524,0.035642209040877115
180.19377358048382,3.080189608457267,0.01232075843382907,1,0.9964594966184204,0.033305596600261576
156.36629649360597,3.1120643837060054,0.012448257534824021,1,0.9964223093806301,0.02919820471191884
124.69796037174672,3.139911942161719,0.012559647768646875,1,0.9963898205624319,0.023491469067255626
86.77674782351164,3.1622412967234332,0.012648965186893733,1,0.9963637696487766,0.016462918283667763
44.5041867912629,3.1778338247483573,0.01271133529899343,1,0.996345578366081,0.008484438462800238
0.0,3.185823474146208,0.012743293896584833,1,0.9963362571084501,0.0
0.0,3.1857766425411382,0.012743106570164553,1,0.9963362571084501,0.0
0.0,3.1857298116244928,0.012742919246497971,1,0.9963362571084501,0.0
0.0,3.185682981396262,0.012742731925585048,1,0.9963362571084501,0.0
0.0,3.1856361518564356,0.012742544607425743,1,0.9963362571084501,0.0
0.0,3.1855893230050034,0.012742357292020013,1,0.9963362571084501,0.0
0.0,3.1855424948419553,0.01274216997936782,1,0.9963362571084501,0.0
0.0,3.185495667367281,0.012741982669469125,1,0.9963362571084501,0.0
0.0,3.1854488405809707,0.012741795362323883,1,0.9963362571084501,0.0
0.0,3.185402014483014,0.012741608057932056,1,0.9963362571084501,0.0
0.0,3.1853551890734013,0.012741420756293606,1,0.9963362571084501,0.0
44.50418679126288,3.1852882966144307,0.012741153186457722,1,0.9963362571084501,0.00850417283397466
86.77674782351163,3.1934344943712296,0.012773737977484918,1,0.9963267532110671,0.016623970360477348
124.6979603717467,3.209422921682528,0.012837691686730112,1,0.9963081000458707,0.024007218016766523
156.36629649360597,3.2325274714429857,0.012930109885771942,1,0.9962811447378169,0.030319018228131097
180.19377358048382,3.261688766214615,0.013046755064858459,1,0.9962471232272502,0.03525165599923592
194.98558243636472,3.2955478577911212,0.013182191431164485,1,0.9962076209537443,0.03853803549416691
200.0,3.3326460121873684,0.013330584048749474,1,0.9961643397736153,0.039970284663842864
194.98558243636472,3.3710259247935115,0.013484103699174046,1,0.9961195632089083,0.0394130306946394
180.19377358048382,3.4087291098669814,0.013634916439467926,1,0.9960755761596558,0.03682692376582661
156.36629649360597,3.443825994279407,0.013775303977117629,1,0.996034629794508,0.032283332904837446
124.69796037174672,3.474480063500715,0.013897920254002862,1,0.9959988667137497,0.025972214854729635
86.77674782351164,3.499054051634299,0.013996216206537198,1,0.9959701970609272,0.01820062978050529
44.5041867912629,3.516210975221642,0.014064843900886569,1,0.9959501806500753,0.009379702129165127
0.0,3.525001190779473,0.014100004763117893,1,0.9959399253985913,0.0
0.0,3.5249493732619688,0.014099797493047876,1,0.9959399253985913,0.0
0.0,3.5248975565061818,0.014099590226024727,1,0.9959399253985913,0.0
0.0,3.524845740512101,0.014099382962048405,1,0.9959399253985913,0.0
0.0,3.5247939252797154,0.014099175701118861,1,0.9959399253985913,0.0
0.0,3.524742110809014,0.014098968443236055,1,0.9959399253985913,0.0
0.0,3.5246902970999847,0.01409876118839994,1,0.9959399253985913,0.0
0.0,3.5246384841526175,0.01409855393661047,1,0.9959399253985913,0.0
0.0,3.5245866719669006,0.014098346687867603,1,0.9959399253985913,0.0
0.0,3.524534860542823,0.014098139442171292,1,0.9959399253985913,0.0
0.0,3.5244830498803728,0.014097932199521492,1,0.9959399253985913,0.0
44.50418679126288,3.5244090357363254,0.014097636142945302,1,0.9959399253985913,0.009401366410653905
86.77674782351163,3.5333816329281467,0.014133526531712588,1,0.9959294573685342,0.018377554075338687
124.6979603717467,3.5509921750759172,0.01420396870030367,1,0.9959089117360285,0.026538917748498914
156.36629649360597,3.5764386329272075,0.01430575453170883,1,0.9958792242018687,0.03351503509324301
180.19377358048382,3.6085505605448,0.0144342022421792,1,0.9958417602863148,0.03896570122048049
194.98558243636472,3.6458272497328825,0.014583308998931531,1,0.9957982708155952,0.04259581331821109
200.0,3.6866767200528,0.014746706880211199,1,0.9957506131002222,0.04417614356924175
194.98558243636472,3.7289225812273243,0.014915690324909298,1,0.9957013262621852,0.04355735272934243
180.19377358048382,3.7704094043609335,0.015081637617443735,1,0.9956529249685294,0.040696551340453094
156.36629649360597,3.8090155355653788,0.015236062142261515,1,0.9956078844821242,0.03567320536122657
124.69796037174672,3.842724383290787,0.015370897533163149,1,0.9955685574931112,0.02869770797724041
86.77674782351164,3.8697403340301486,0.015478961336120594,1,0.9955370388839153,0.020109611192484278
44.5041867912629,3.888598535493564,0.015554394141974256,1,0.9955150376488746,0.010363141179880481
0.0,3.8982591464116645,0.015593036585646659,1,0.9955037669361367,0.0
0.0,3.898201842002212,0.01559280736800885,1,0.9955037669361367,0.0
0.0,3.898144538435135,0.01559257815374054,1,0.9955037669361367,0.0
0.0,3.89808723571042,0.01559234894284168,1,0.9955037669361367,0.0
0.0,3.898029933828055,0.01559211973531222,1,0.9955037669361367,0.0
0.0,3.897972632788028,0.015591890531152112,1,0.9955037669361367,0.0
0.0,3.897915332590326,0.015591661330361306,1,0.9955037669361367,0.0
0.0,3.8978580332349373,0.01559143213293975,1,0.9955037669361367,0.0
0.0,3.897800734721849,0.015591202938887395,1,0.9955037669361367,0.0
0.0,3.8977434370510484,0.015590973748204194,1,0.9955037669361367,0.0
0.0,3.8976861402225236,0.015590744560890095,1,0.9955037669361367,0.0
44.50418679126288,3.897604288813579,0.015590417155254317,1,0.9955037669361367,0.010386893253555596
86.77674782351163,3.9074776200414667,0.015629910480165866,1,0.9954922480497042,0.02030373356936449
124.6979603717467,3.92685622556761,0.01570742490227044,1,0.9954696396765903,0.02931964875828279
156.36629649360597,3.954854835680647,0.015819419342722588,1,0.9954369746314584,0.03702515341103891
180.19377358048382,3.990181166152972,0.01596072466461189,1,0.9953957605792408,0.043044348961012516
194.98558243636472,4.031179156676878,0.016124716626707513,1,0.9953479295902963,0.047051405263742685
200.0,4.076114861700911,0.016304459446803643,1,0.9952955046011016,0.0487937575050816
194.98558243636472,4.1225686051511765,0.016490274420604707,1,0.9952413085670763,0.04810679307092984
180.19377358048382,4.168170674773686,0.016672682699094745,1,0.9951881061525167,0.04494386314078344
156.36629649360597,4.210590855789478,0.016842363423157914,1,0.9951386159413316,0.039393446544955496
124.69796037174672,4.247617619322154,0.01699047047728862,1,0.9950954180505435,0.031688466916333285
86.77674782351164,4.2772844087527435,0.017109137635010974,1,0.9950608067962079,0.02220418595523135
44.5041867912629,4.297988638709402,0.01719195455483761,1,0.9950366518612584,0.01144211700269539
0.0,4.308593440192787,0.017234373760771148,1,0.9950242795928612,0.0
0.0,4.3085301038692165,0.017234120415476867,1,0.9950242795928612,0.0
0.0,4.3084667684766895,0.01723386707390676,1,0.9950242795928612,0.0
0.0,4.308403434015193,0.017233613736060773,1,0.9950242795928612,0.0
