0, 0.04998250291666667, -1.7497083333331553e-05, 0.002, 0.03966393839804294
1, 0.04996501195527153, -1.749096139513906e-05, 0.002, 0.03967794584697778
2, 0.04994752711367334, -1.748484159819208e-05, 0.002, 0.03969195820025064
3, 0.0499300483897316, -1.7478723941741214e-05, 0.002, 0.03970597545957868
4, 0.04991257578130655, -1.747260842505094e-05, 0.002, 0.03971999762667935
5, 0.04989510928625918, -1.7466495047364916e-05, 0.002, 0.03973402470327113
6, 0.04987016588081927, -2.4943405439910304e-05, 0.002, 0.03960397082456312
7, 0.05358773129351152, 0.0037175654126922475, 0.0, 0.06937344281903525
8, 0.06135668485496113, 0.007768953561449611, 0.0, 0.1266195130948545
9, 0.0740014275131812, 0.01264474265822007, 0.0, 0.1708716045507065
10, 0.09278392319977774, 0.01878249568659654, 0.0, 0.20243265254213277
11, 0.11923638724253602, 0.026452464042758278, 0.0, 0.22184892258561914
12, 0.15480385372371036, 0.03556746648117434, 0.0, 0.22975827555723627
13, 0.2002397819761321, 0.04543592825242174, 0.0, 0.2269075994990723
14, 0.25480929179594813, 0.05456950981981604, 0.0, 0.2141582413859359
15, 0.31563809997775005, 0.06082880818180192, 0.0, 0.19271693812023916
16, 0.37757352355306145, 0.0619354235753114, 0.0, 0.16403539896675898
17, 0.43372823586994563, 0.05615471231688418, 0.0, 0.1294698100626363
18, 0.4766947658086884, 0.04296652993874278, 0.0, 0.0901342599511288
19, 0.5000636116773054, 0.023368845868616983, 0.0, 0.04673174636769425
20, 0.49988888115410335, -0.00017473052320204907, 0.0, -0.00034953872708399765
21, 0.4997142115827418, -0.00017466957136152983, 0.0, -0.00034953893107882595
22, 0.49953960294203, -0.00017460864071183746, 0.0, -0.00034953913500247594
23, 0.49936505521078434, -0.0001745477312456445, 0.0, -0.00034953933885495267
24, 0.49919056836782866, -0.00017448684295567896, 0.0, -0.00034953954263636705
25, 0.49901614239199404, -0.0001744259758346134, 0.0, -0.00034953974634671414
26, 0.4988417772621189, -0.00017436512987512032, 0.0, -0.0003495399499859838
27, 0.49866747295704905, -0.00017430430506987227, 0.0, -0.00034954015355416083
28, 0.49849322945563745, -0.00017424350141159728, 0.0, -0.0003495403570513364
29, 0.49831904673674443, -0.0001741827188930234, 0.0, -0.00034954056047759675
30, 0.4980703010831633, -0.0002487456535811283, 0.0, -0.0004994187628537101
31, 0.5222626464541844, 0.024192345371021107, 0.0, 0.04632218201947051
32, 0.5711937266226643, 0.04893108016847991, 0.0, 0.08566459659457049
33, 0.6458893172069332, 0.07469559058426889, 0.0, 0.11564766376270247
34, 0.7473099579390661, 0.10142064073213286, 0.0, 0.1357142905091631
35, 0.8753120675234228, 0.12800210958435676, 0.0, 0.14623597038542085
36, 1.0275825548078161, 0.1522704872843933, 0.0, 0.14818321561801107
37, 1.198846377501832, 0.17126382269401597, 0.0, 0.1428571883003869
38, 1.3804819900716705, 0.1816356125698384, 0.0, 0.13157405447963028
39, 1.561170183228733, 0.18068819315706253, 0.0, 0.11573894703995202
40, 1.7279289666009032, 0.1667587833721702, 0.0, 0.09650789274064307
41, 1.867521031053177, 0.13959206445227368, 0.0, 0.07474725164061558
42, 1.9680375251810776, 0.10051649412790065, 0.0, 0.05107448046177483
43, 2.0203708905370443, 0.05233336535596678, 0.0, 0.025902850610788498
44, 2.0196685229403144, -0.0007023675967299248, 0.0, -0.0003477637982431839
45, 2.018966397861718, -0.0007021250785963495, 0.0, -0.0003477646182422691
46, 2.018264515218668, -0.0007018826430500447, 0.0, -0.0003477654379579673
47, 2.0175628749286036, -0.0007016402900643648, 0.0, -0.00034776625739071156
48, 2.016861476908992, -0.0007013980196117764, 0.0, -0.00034776707654049065
49, 2.016160321077327, -0.0007011558316647459, 0.0, -0.0003477678954072889
50, 2.0154594073511305, -0.0007009137261966281, 0.0, -0.0003477687139915271
51, 2.0147587356479506, -0.0007006717031798892, 0.0, -0.00034776953229318137
52, 2.014058305885364, -0.0007004297625865519, 0.0, -0.0003477703503120028
53, 2.0133581179809736, -0.0007001879043904147, 0.0, -0.0003477711680486201
54, 2.0123581949401688, -0.0009999230408048732, 0.0, -0.0004968911813607829
55, 2.065569003136933, 0.05321080819676416, 0.0, 0.025760847551427286
56, 2.171576262701918, 0.10600725956498502, 0.0, 0.04881581245186789
57, 2.3280097562626536, 0.15643349356073566, 0.0, 0.06719623624424637
58, 2.5309323707721045, 0.20292261450945093, 0.0, 0.08017701968367724
59, 2.7741362016981976, 0.2432038309260931, 0.0, 0.08766830942807169
60, 3.0485905649323874, 0.2744543632341898, 0.0, 0.0900266393234989
61, 3.3422460892534867, 0.2936555243210992, 0.0, 0.08786173024939918
62, 3.6399743076424125, 0.2977282183889258, 0.0, 0.08179404392053592
63, 3.925013849069425, 0.2850395414270124, 0.0, 0.07262128297829877
64, 4.179920548462948, 0.2549066993935232, 0.0, 0.06098362311868779
65, 4.388026223540886, 0.2081056750779382, 0.0, 0.047425804787011694
66, 4.534988840306495, 0.14696261676560862, 0.0, 0.03240638994729615
67, 4.610211880745457, 0.07522304043896177, 0.0, 0.01631661242146607
68, 4.608623102983045, -0.0015887777624117305, 0.0, -0.0003447402243380143
69, 4.607034864205057, -0.0015882387779875273, 0.0, -0.0003447420791901425
70, 4.6054471642345325, -0.0015876999705248807, 0.0, -0.00034474393341320003
71, 4.603860002894564, -0.0015871613399687234, 0.0, -0.0003447457870071711
72, 4.602273380008298, -0.001586622886265765, 0.0, -0.00034474763997242256
73, 4.600687295398937, -0.0015860846093609382, 0.0, -0.00034474949230893227
74, 4.599101748889736, -0.0015855465092009524, 0.0, -0.000344751344017061
75, 4.5975167403040045, -0.0015850085857316287, 0.0, -0.0003447531950969736
76, 4.595932269465105, -0.0015844708388996764, 0.0, -0.0003447550455490251
77, 4.594348336196455, -0.0015839332686500285, 0.0, -0.0003447568953731808
78, 4.592086342089414, -0.0022619941070409766, 0.0, -0.0004925852735625528
79, 4.668273678878226, 0.07618733678881195, 0.0, 0.016320237850133836
80, 4.820007220013675, 0.15173354113544946, 0.0, 0.03147994063274846
81, 5.041987125454489, 0.22197990544081403, 0.0, 0.044026273752296535
82, 5.326213524984723, 0.2842263995302341, 0.0, 0.05336368851848637
83, 5.661664171906007, 0.33545064692128346, 0.0, 0.05924947802199888
84, 6.034130025503153, 0.3724658535971459, 0.0, 0.061726520976996685
85, 6.426189143099263, 0.39205911759611034, 0.0, 0.06100958264154447
86, 6.81770669992623, 0.3915175568269671, 0.0, 0.05742657671548168
87, 7.187500680974366, 0.36979398104813566, 0.0, 0.051449592488665326
88, 7.514339682173071, 0.3268390011987048, 0.0, 0.04349537218474349
89, 7.778515612398796, 0.2641759302257256, 0.0, 0.033962254932629374
90, 7.963449059719971, 0.18493344732117478, 0.0, 0.023222782733249233
91, 8.057129650568335, 0.093680590848364, 0.0, 0.011627042744900591
92, 8.05438539208521, -0.00274425848312454, 0.0, -0.0003407160633040028
93, 8.051642042509366, -0.0027433495758444337, 0.0, -0.0003407192671210014
94, 8.048899601557332, -0.0027424409520335757, 0.0, -0.0003407224698768708
95, 8.046158068945717, -0.0027415326116155825, 0.0, -0.0003407256715719486
96, 8.043417444391201, -0.002740624554515847, 0.0, -0.0003407288722067915
97, 8.040677727610547, -0.002739716780654433, 0.0, -0.00034073207178129207
98, 8.037938918320588, -0.0027388092899585104, 0.0, -0.0003407352702962248
99, 8.03520101623824, -0.0027379020823481426, 0.0, -0.0003407384677514787
100, 8.03246402108049, -0.002736995157750499, 0.0, -0.00034074166414782537
101, 8.029727932564402, -0.0027360885160874204, 0.0, -0.0003407448594853716
102, 8.025820529482571, -0.003907403081830907, 0.0, -0.0004868540316192218
103, 8.120723871620449, 0.09490334213787754, 0.0, 0.011686561892534843
104, 8.310354046463877, 0.18963017484342792, 0.0, 0.022818543443900215
105, 8.587092578843878, 0.27673853238000135, 0.0, 0.032227267825411056
106, 8.939682945631615, 0.35259036678773725, 0.0, 0.03944103710747716
107, 9.353168888035775, 0.4134859424041597, 0.0, 0.04420811249683255
108, 9.809014357256345, 0.45584546922057, 0.0, 0.046472097258513284
109, 10.284976214998045, 0.47596185774169975, 0.0, 0.04627739022357965
110, 10.75671209390598, 0.47173587890793556, 0.0, 0.04385502510336676
111, 11.199128899206823, 0.4424168053008426, 0.0, 0.03950457301479732
112, 11.587632211746715, 0.3885033125398927, 0.0, 0.03352741141939729
113, 11.89980848028651, 0.31217626853979397, 0.0, 0.026233722085271558
114, 12.117092337731364, 0.2172838574448548, 0.0, 0.01793201301010602
115, 12.226229723205535, 0.1091373854741704, 0.0, 0.008926495570995717
116, 12.222124936944532, -0.004104786261002857, 0.0, -0.0003358488218848983
117, 12.218021470277572, -0.004103466666959932, 0.0, -0.00033585361401944797
118, 12.21391932281973, -0.004102147457841099, 0.0, -0.0003358584046135707
119, 12.209818494186171, -0.004100828633559317, 0.0, -0.00033586319366761823
0, 0.04998250291666667, -1.7497083333331553e-05, 0.002, 0.03966393839804294
1, 0.04996501195527153, -1.749096139513906e-05, 0.002, 0.03967794584697778
2, 0.04994752711367334, -1.748484159819208e-05, 0.002, 0.03969195820025064
3, 0.0499300483897316, -1.7478723941741214e-05, 0.002, 0.03970597545957868
4, 0.04991257578130655, -1.747260842505094e-05, 0.002, 0.03971999762667935
5, 0.04989510928625918, -1.7466495047364916e-05, 0.002, 0.03973402470327113
6, 0.04987016588081927, -2.4943405439910304e-05, 0.002, 0.03960397082456312
7, 0.05358773129351152, 0.0037175654126922475, 0.0, 0.06937344281903525
8, 0.06135668485496113, 0.007768953561449611, 0.0, 0.1266195130948545
9, 0.0740014275131812, 0.01264474265822007, 0.0, 0.1708716045507065
10, 0.09278392319977774, 0.01878249568659654, 0.0, 0.20243265254213277
11, 0.11923638724253602, 0.026452464042758278, 0.0, 0.22184892258561914
12, 0.15480385372371036, 0.03556746648117434, 0.0, 0.22975827555723627
13, 0.2002397819761321, 0.04543592825242174, 0.0, 0.2269075994990723
14, 0.25480929179594813, 0.05456950981981604, 0.0, 0.2141582413859359
15, 0.31563809997775005, 0.06082880818180192, 0.0, 0.19271693812023916
16, 0.37757352355306145, 0.0619354235753114, 0.0, 0.16403539896675898
17, 0.43372823586994563, 0.05615471231688418, 0.0, 0.1294698100626363
18, 0.4766947658086884, 0.04296652993874278, 0.0, 0.0901342599511288
19, 0.5000636116773054, 0.023368845868616983, 0.0, 0.04673174636769425
20, 0.49988888115410335, -0.00017473052320204907, 0.0, -0.00034953872708399765
21, 0.4997142115827418, -0.00017466957136152983, 0.0, -0.00034953893107882595
22, 0.49953960294203, -0.00017460864071183746, 0.0, -0.00034953913500247594
23, 0.49936505521078434, -0.0001745477312456445, 0.0, -0.00034953933885495267
24, 0.49919056836782866, -0.00017448684295567896, 0.0, -0.00034953954263636705
25, 0.49901614239199404, -0.0001744259758346134, 0.0, -0.00034953974634671414
26, 0.4988417772621189, -0.00017436512987512032, 0.0, -0.0003495399499859838
27, 0.49866747295704905, -0.00017430430506987227, 0.0, -0.00034954015355416083
28, 0.49849322945563745, -0.00017424350141159728, 0.0, -0.0003495403570513364
29, 0.49831904673674443, -0.0001741827188930234, 0.0, -0.00034954056047759675
30, 0.4980703010831633, -0.0002487456535811283, 0.0, -0.0004994187628537101
31, 0.5222626464541844, 0.024192345371021107, 0.0, 0.04632218201947051
32, 0.5711937266226643, 0.04893108016847991, 0.0, 0.08566459659457049
33, 0.6458893172069332, 0.07469559058426889, 0.0, 0.11564766376270247
34, 0.7473099579390661, 0.10142064073213286, 0.0, 0.1357142905091631
35, 0.8753120675234228, 0.12800210958435676, 0.0, 0.14623597038542085
36, 1.0275825548078161, 0.1522704872843933, 0.0, 0.14818321561801107
37, 1.198846377501832, 0.17126382269401597, 0.0, 0.1428571883003869
38, 1.3804819900716705, 0.1816356125698384, 0.0, 0.13157405447963028
39, 1.561170183228733, 0.18068819315706253, 0.0, 0.11573894703995202
40, 1.7279289666009032, 0.1667587833721702, 0.0, 0.09650789274064307
41, 1.867521031053177, 0.13959206445227368, 0.0, 0.07474725164061558
42, 1.9680375251810776, 0.10051649412790065, 0.0, 0.05107448046177483
43, 2.0203708905370443, 0.05233336535596678, 0.0, 0.025902850610788498
44, 2.0196685229403144, -0.0007023675967299248, 0.0, -0.0003477637982431839
45, 2.018966397861718, -0.0007021250785963495, 0.0, -0.0003477646182422691
46, 2.018264515218668, -0.0007018826430500447, 0.0, -0.0003477654379579673
47, 2.0175628749286036, -0.0007016402900643648, 0.0, -0.00034776625739071156
48, 2.016861476908992, -0.0007013980196117764, 0.0, -0.00034776707654049065
49, 2.016160321077327, -0.0007011558316647459, 0.0, -0.0003477678954072889
50, 2.0154594073511305, -0.0007009137261966281, 0.0, -0.0003477687139915271
51, 2.0147587356479506, -0.0007006717031798892, 0.0, -0.00034776953229318137
52, 2.014058305885364, -0.0007004297625865519, 0.0, -0.0003477703503120028
53, 2.0133581179809736, -0.0007001879043904147, 0.0, -0.0003477711680486201
54, 2.0123581949401688, -0.0009999230408048732, 0.0, -0.0004968911813607829
55, 2.065569003136933, 0.05321080819676416, 0.0, 0.025760847551427286
56, 2.171576262701918, 0.10600725956498502, 0.0, 0.04881581245186789
57, 2.3280097562626536, 0.15643349356073566, 0.0, 0.06719623624424637
58, 2.5309323707721045, 0.20292261450945093, 0.0, 0.08017701968367724
59, 2.7741362016981976, 0.2432038309260931, 0.0, 0.08766830942807169
60, 3.0485905649323874, 0.2744543632341898, 0.0, 0.0900266393234989
61, 3.3422460892534867, 0.2936555243210992, 0.0, 0.08786173024939918
62, 3.6399743076424125, 0.2977282183889258, 0.0, 0.08179404392053592
63, 3.925013849069425, 0.2850395414270124, 0.0, 0.07262128297829877
64, 4.179920548462948, 0.2549066993935232, 0.0, 0.06098362311868779
65, 4.388026223540886, 0.2081056750779382, 0.0, 0.047425804787011694
66, 4.534988840306495, 0.14696261676560862, 0.0, 0.03240638994729615
67, 4.610211880745457, 0.07522304043896177, 0.0, 0.01631661242146607
68, 4.608623102983045, -0.0015887777624117305, 0.0, -0.0003447402243380143
69, 4.607034864205057, -0.0015882387779875273, 0.0, -0.0003447420791901425
70, 4.6054471642345325, -0.0015876999705248807, 0.0, -0.00034474393341320003
71, 4.603860002894564, -0.0015871613399687234, 0.0, -0.0003447457870071711
72, 4.602273380008298, -0.001586622886265765, 0.0, -0.00034474763997242256
73, 4.600687295398937, -0.0015860846093609382, 0.0, -0.00034474949230893227
74, 4.599101748889736, -0.0015855465092009524, 0.0, -0.000344751344017061
75, 4.5975167403040045, -0.0015850085857316287, 0.0, -0.0003447531950969736
76, 4.595932269465105, -0.0015844708388996764, 0.0, -0.0003447550455490251
77, 4.594348336196455, -0.0015839332686500285, 0.0, -0.0003447568953731808
78, 4.592086342089414, -0.0022619941070409766, 0.0, -0.0004925852735625528
79, 4.668273678878226, 0.07618733678881195, 0.0, 0.016320237850133836
80, 4.820007220013675, 0.15173354113544946, 0.0, 0.03147994063274846
81, 5.041987125454489, 0.22197990544081403, 0.0, 0.044026273752296535
82, 5.326213524984723, 0.2842263995302341, 0.0, 0.05336368851848637
83, 5.661664171906007, 0.33545064692128346, 0.0, 0.05924947802199888
84, 6.034130025503153, 0.3724658535971459, 0.0, 0.061726520976996685
85, 6.426189143099263, 0.39205911759611034, 0.0, 0.06100958264154447
86, 6.81770669992623, 0.3915175568269671, 0.0, 0.05742657671548168
87, 7.187500680974366, 0.36979398104813566, 0.0, 0.051449592488665326
88, 7.514339682173071, 0.3268390011987048, 0.0, 0.04349537218474349
89, 7.778515612398796, 0.2641759302257256, 0.0, 0.033962254932629374
90, 7.963449059719971, 0.18493344732117478, 0.0, 0.023222782733249233
91, 8.057129650568335, 0.093680590848364, 0.0, 0.011627042744900591
92, 8.05438539208521, -0.00274425848312454, 0.0, -0.0003407160633040028
93, 8.051642042509366, -0.0027433495758444337, 0.0, -0.0003407192671210014
94, 8.048899601557332, -0.0027424409520335757, 0.0, -0.0003407224698768708
95, 8.046158068945717, -0.0027415326116155825, 0.0, -0.0003407256715719486
96, 8.043417444391201, -0.002740624554515847, 0.0, -0.0003407288722067915
97, 8.040677727610547, -0.002739716780654433, 0.0, -0.00034073207178129207
98, 8.037938918320588, -0.0027388092899585104, 0.0, -0.0003407352702962248
99, 8.03520101623824, -0.0027379020823481426, 0.0, -0.0003407384677514787
100, 8.03246402108049, -0.002736995157750499, 0.0, -0.00034074166414782537
101, 8.029727932564402, -0.0027360885160874204, 0.0, -0.0003407448594853716
102, 8.025820529482571, -0.003907403081830907, 0.0, -0.0004868540316192218
103, 8.120723871620449, 0.09490334213787754, 0.0, 0.011686561892534843
104, 8.310354046463877, 0.18963017484342792, 0.0, 0.022818543443900215
105, 8.587092578843878, 0.27673853238000135, 0.0, 0.032227267825411056
106, 8.939682945631615, 0.35259036678773725, 0.0, 0.03944103710747716
107, 9.353168888035775, 0.4134859424041597, 0.0, 0.04420811249683255
108, 9.809014357256345, 0.45584546922057, 0.0, 0.046472097258513284
109, 10.284976214998045, 0.47596185774169975, 0.0, 0.04627739022357965
110, 10.75671209390598, 0.47173587890793556, 0.0, 0.04385502510336676
111, 11.199128899206823, 0.4424168053008426, 0.0, 0.03950457301479732
112, 11.587632211746715, 0.3885033125398927, 0.0, 0.03352741141939729
113, 11.89980848028651, 0.31217626853979397, 0.0, 0.026233722085271558
114, 12.117092337731364, 0.2172838574448548, 0.0, 0.01793201301010602
115, 12.226229723205535, 0.1091373854741704, 0.0, 0.008926495570995717
116, 12.222124936944532, -0.004104786261002857, 0.0, -0.0003358488218848983
117, 12.218021470277572, -0.004103466666959932, 0.0, -0.00033585361401944797
118, 12.21391932281973, -0.004102147457841099, 0.0, -0.0003358584046135707
119, 12.209818494186171, -0.004100828633559317, 0.0, -0.00033586319366761823
0, 0.04998250291666667, -1.7497083333331553e-05, 0.002, 0.03966393839804294
1, 0.04996501195527153, -1.749096139513906e-05, 0.002, 0.03967794584697778
2, 0.04994752711367334, -1.748484159819208e-05, 0.002, 0.03969195820025064
3, 0.0499300483897316, -1.7478723941741214e-05, 0.002, 0.03970597545957868
4, 0.04991257578130655, -1.747260842505094e-05, 0.002, 0.03971999762667935
5, 0.04989510928625918, -1.7466495047364916e-05, 0.002, 0.03973402470327113
6, 0.04987016588081927, -2.4943405439910304e-05, 0.002, 0.03960397082456312
7, 0.05358773129351152, 0.0037175654126922475, 0.0, 0.06937344281903525
8, 0.06135668485496113, 0.007768953561449611, 0.0, 0.1266195130948545
9, 0.0740014275131812, 0.01264474265822007, 0.0, 0.1708716045507065
10, 0.09278392319977774, 0.01878249568659654, 0.0, 0.20243265254213277
11, 0.11923638724253602, 0.026452464042758278, 0.0, 0.22184892258561914
12, 0.15480385372371036, 0.03556746648117434, 0.0, 0.22975827555723627
13, 0.2002397819761321, 0.04543592825242174, 0.0, 0.2269075994990723
14, 0.25480929179594813, 0.05456950981981604, 0.0, 0.2141582413859359
15, 0.31563809997775005, 0.06082880818180192, 0.0, 0.19271693812023916
16, 0.37757352355306145, 0.0619354235753114, 0.0, 0.16403539896675898
17, 0.43372823586994563, 0.05615471231688418, 0.0, 0.1294698100626363
18, 0.4766947658086884, 0.04296652993874278, 0.0, 0.0901342599511288
19, 0.5000636116773054, 0.023368845868616983, 0.0, 0.04673174636769425
20, 0.49988888115410335, -0.00017473052320204907, 0.0, -0.00034953872708399765
21, 0.4997142115827418, -0.00017466957136152983, 0.0, -0.00034953893107882595
22, 0.49953960294203, -0.00017460864071183746, 0.0, -0.00034953913500247594
23, 0.49936505521078434, -0.0001745477312456445, 0.0, -0.00034953933885495267
24, 0.49919056836782866, -0.00017448684295567896, 0.0, -0.00034953954263636705
25, 0.49901614239199404, -0.0001744259758346134, 0.0, -0.00034953974634671414
26, 0.4988417772621189, -0.00017436512987512032, 0.0, -0.0003495399499859838
27, 0.49866747295704905, -0.00017430430506987227, 0.0, -0.00034954015355416083
28, 0.49849322945563745, -0.00017424350141159728, 0.0, -0.0003495403570513364
29, 0.49831904673674443, -0.0001741827188930234, 0.0, -0.00034954056047759675
30, 0.4980703010831633, -0.0002487456535811283, 0.0, -0.0004994187628537101
31, 0.5222626464541844, 0.024192345371021107, 0.0, 0.04632218201947051
32, 0.5711937266226643, 0.04893108016847991, 0.0, 0.08566459659457049
33, 0.6458893172069332, 0.07469559058426889, 0.0, 0.11564766376270247
34, 0.7473099579390661, 0.10142064073213286, 0.0, 0.1357142905091631
35, 0.8753120675234228, 0.12800210958435676, 0.0, 0.14623597038542085
36, 1.0275825548078161, 0.1522704872843933, 0.0, 0.14818321561801107
37, 1.198846377501832, 0.17126382269401597, 0.0, 0.1428571883003869
38, 1.3804819900716705, 0.1816356125698384, 0.0, 0.13157405447963028
39, 1.561170183228733, 0.18068819315706253, 0.0, 0.11573894703995202
40, 1.7279289666009032, 0.1667587833721702, 0.0, 0.09650789274064307
41, 1.867521031053177, 0.13959206445227368, 0.0, 0.07474725164061558
42, 1.9680375251810776, 0.10051649412790065, 0.0, 0.05107448046177483
43, 2.0203708905370443, 0.05233336535596678, 0.0, 0.025902850610788498
44, 2.0196685229403144, -0.0007023675967299248, 0.0, -0.0003477637982431839
45, 2.018966397861718, -0.0007021250785963495, 0.0, -0.0003477646182422691
46, 2.018264515218668, -0.0007018826430500447, 0.0, -0.0003477654379579673
47, 2.0175628749286036, -0.0007016402900643648, 0.0, -0.00034776625739071156
48, 2.016861476908992, -0.0007013980196117764, 0.0, -0.00034776707654049065
49, 2.016160321077327, -0.0007011558316647459, 0.0, -0.0003477678954072889
50, 2.0154594073511305, -0.0007009137261966281, 0.0, -0.0003477687139915271
51, 2.0147587356479506, -0.0007006717031798892, 0.0, -0.00034776953229318137
52, 2.014058305885364, -0.0007004297625865519, 0.0, -0.0003477703503120028
53, 2.0133581179809736, -0.0007001879043904147, 0.0, -0.0003477711680486201
54, 2.0123581949401688, -0.0009999230408048732, 0.0, -0.0004968911813607829
55, 2.065569003136933, 0.05321080819676416, 0.0, 0.025760847551427286
56, 2.171576262701918, 0.10600725956498502, 0.0, 0.04881581245186789
57, 2.3280097562626536, 0.15643349356073566, 0.0, 0.06719623624424637
58, 2.5309323707721045, 0.20292261450945093, 0.0, 0.08017701968367724
59, 2.7741362016981976, 0.2432038309260931, 0.0, 0.08766830942807169
60, 3.0485905649323874, 0.2744543632341898, 0.0, 0.0900266393234989
61, 3.3422460892534867, 0.2936555243210992, 0.0, 0.08786173024939918
62, 3.6399743076424125, 0.2977282183889258, 0.0, 0.08179404392053592
63, 3.925013849069425, 0.2850395414270124, 0.0, 0.07262128297829877
64, 4.179920548462948, 0.2549066993935232, 0.0, 0.06098362311868779
65, 4.388026223540886, 0.2081056750779382, 0.0, 0.047425804787011694
66, 4.534988840306495, 0.14696261676560862, 0.0, 0.03240638994729615
67, 4.610211880745457, 0.07522304043896177, 0.0, 0.01631661242146607
68, 4.608623102983045, -0.0015887777624117305, 0.0, -0.0003447402243380143
69, 4.607034864205057, -0.0015882387779875273, 0.0, -0.0003447420791901425
70, 4.6054471642345325, -0.0015876999705248807, 0.0, -0.00034474393341320003
71, 4.603860002894564, -0.0015871613399687234, 0.0, -0.0003447457870071711
0, 0.04998250291666667, -1.7497083333331553e-05, 0.002, 0.03966393839804294
1, 0.04996501195527153, -1.749096139513906e-05, 0.002, 0.03967794584697778
2, 0.04994752711367334, -1.748484159819208e-05, 0.002, 0.03969195820025064
3, 0.0499300483897316, -1.7478723941741214e-05, 0.002, 0.03970597545957868
4, 0.04991257578130655, -1.747260842505094e-05, 0.002, 0.03971999762667935
5, 0.04989510928625918, -1.7466495047364916e-05, 0.002, 0.03973402470327113
6, 0.04987016588081927, -2.4943405439910304e-05, 0.002, 0.03960397082456312
7, 0.05309750674305067, 0.0032273408622313995, 0.0, 0.06078140124072378
8, 0.0597811055162395, 0.006683598773188824, 0.0, 0.1118011906182168
9, 0.07048159954173826, 0.01070049402549876, 0.0, 0.1518196819463791
10, 0.08603491781429011, 0.015553318272551853, 0.0, 0.180779137909149
11, 0.10740257797166561, 0.021367660157375498, 0.0, 0.19894922971972426
12, 0.1353995409926664, 0.027996963021000798, 0.0, 0.20677295370238505
13, 0.17028065342766582, 0.03488111243499942, 0.0, 0.20484483546932536
14, 0.2112531783242273, 0.040972524896561474, 0.0, 0.1939498625373467
15, 0.25609171251023705, 0.04483853418600975, 0.0, 0.17508779861127824
16, 0.30108007749539156, 0.044988364985154516, 0.0, 0.149423254302979
17, 0.3414180516558626, 0.040337974160471024, 0.0, 0.1181483344680623
18, 0.3720377536043845, 0.030619701948521927, 0.0, 0.08230267399443052
19, 0.3886021220697867, 0.016564368465402213, 0.0, 0.042625522416543875
20, 0.38846628750727313, -0.0001358345625135926, 0.0, -0.00034966885642824134
21, 0.38833050036371153, -0.00013578714356160537, 0.0, -0.0003496690150127964
22, 0.38819476062259134, -0.00013573974112018883, 0.0, -0.0003496691735418784
23, 0.38805906826740766, -0.00013569235518368084, 0.0, -0.00034966933201565226
24, 0.3879234232816613, -0.00013564498574636374, 0.0, -0.0003496694904341349
25, 0.3877878256488588, -0.0001355976328025199, 0.0, -0.0003496696487973383
26, 0.38765227535251234, -0.00013555029634643168, 0.0, -0.00034966980710526916
27, 0.38751677237613996, -0.0001355029763723814, 0.0, -0.0003496699653579292
28, 0.3873813167032653, -0.00013545567287465143, 0.0, -0.0003496701235553151
29, 0.3872459083174178, -0.00013540838584752413, 0.0, -0.0003496702816974184
30, 0.3870525352955816, -0.0001933730218361962, 0.0, -0.0004996040697382913
31, 0.40397424477808797, 0.016921709482506375, 0.0, 0.04188808989989411
32, 0.43810231136955946, 0.034128066591471495, 0.0, 0.07789976383549116
33, 0.48991101276568616, 0.0518087013961267, 0.0, 0.105751248790371
34, 0.5597447471711463, 0.06983373440546015, 0.0, 0.12475996381991583
35, 0.6471481095494638, 0.08740336237831747, 0.0, 0.13505928718414487
36, 0.7501902103956093, 0.10304210084614551, 0.0, 0.13735463275614693
37, 0.8649914128629856, 0.11480120246737635, 0.0, 0.13271947069093137
38, 0.9856429504626294, 0.12065153759964375, 0.0, 0.12240896923476575
39, 1.1045942949828875, 0.11895134452025813, 0.0, 0.1076878135805517
40, 1.2134258836276277, 0.10883158864474018, 0.0, 0.08968952295576553
41, 1.3038151081577065, 0.0903892245300788, 0.0, 0.06932671968941898
42, 1.3684875745971081, 0.06467246643940161, 0.0, 0.04725835121918562
43, 1.402003179824454, 0.03351560522734598, 0.0, 0.023905512990022245
44, 1.4015147719265846, -0.000488407897869525, 0.0, -0.0003484857296210569
45, 1.4010265333740088, -0.0004882385525757371, 0.0, -0.0003484862998275566
46, 1.4005384641085663, -0.0004880692654425367, 0.0, -0.00034848686983630233
47, 1.400050564072116, -0.0004879000364503838, 0.0, -0.0003484874396473957
48, 1.3995628332065364, -0.0004877308655795165, 0.0, -0.0003484880092607754
49, 1.3990752714537256, -0.0004875617528108389, 0.0, -0.00034848857867685143
50, 1.3985878787556012, -0.00048739269812436703, 0.0, -0.00034848914789539467
51, 1.3981006550541004, -0.000487223701500783, 0.0, -0.0003484897169166476
52, 1.39761360029118, -0.0004870547629203248, 0.0, -0.0003484902857405304
53, 1.3971267144088164, -0.0004868858823636746, 0.0, -0.00034849085436727665
54, 1.396431404323372, -0.0006953100854443228, 0.0, -0.0004979192556767433
55, 1.4305371540201446, 0.03410574969677249, 0.0, 0.023841219083983484
56, 1.4983649227881632, 0.06782776876801866, 0.0, 0.045267856806073974
57, 1.5979320514307045, 0.09956712864254125, 0.0, 0.062309989059543595
58, 1.7260233341624216, 0.1280912827317171, 0.0, 0.07421179088165415
59, 1.8778507579838895, 0.15182742382146786, 0.0, 0.08085169877103217
60, 2.046879401643543, 0.16902864365965353, 0.0, 0.08257870176617728
61, 2.224941685423423, 0.1780622837798802, 0.0, 0.08003009020256349
62, 2.4026641223103438, 0.17772243688692058, 0.0, 0.07396890611411261
63, 2.5701326128657795, 0.16746849055543578, 0.0, 0.06515947454116117
64, 2.7176634383486395, 0.14753082548286, 0.0, 0.054285907298552614
65, 2.836543279259237, 0.11887984091059733, 0.0, 0.04191011002012379
66, 2.9196414515108957, 0.08309817225165883, 0.0, 0.02846177300594772
67, 2.961854204896178, 0.0422127533852823, 0.0, 0.01425213750072549
68, 2.9608277906015172, -0.0010264142946607713, 0.0, -0.0003466646381525102
69, 2.9598017284595466, -0.0010260621419706517, 0.0, -0.00034666583646624004
70, 2.958776018351903, -0.0010257101076436292, 0.0, -0.00034666703436881654
71, 2.957750660160261, -0.0010253581916419563, 0.0, -0.0003466682318604905
72, 2.956725653766334, -0.001025006393926997, 0.0, -0.00034666942894120875
73, 2.9557009990518726, -0.0010246547144614482, 0.0, -0.0003466706256113647
74, 2.9546766958986663, -0.0010243031532062297, 0.0, -0.00034667182187074697
75, 2.953652744188542, -0.0010239517101244822, 0.0, -0.00034667301771989205
76, 2.9526291438033647, -0.0010236003851771258, 0.0, -0.0003466742131585809
77, 2.951605894625038, -0.0010232491783268571, 0.0, -0.00034667540818719207
78, 2.9501446116399874, -0.0014612829850504383, 0.0, -0.000495325883105815
79, 2.9937996575303445, 0.04365504589035707, 0.0, 0.014581819388131382
80, 3.0806590962250997, 0.08685943869475521, 0.0, 0.028195082929230578
81, 3.2068500172637866, 0.1261909210386869, 0.0, 0.039350428102140574
82, 3.366558870027115, 0.15970885276332858, 0.0, 0.04743979206341407
83, 3.5521336431822697, 0.18557477315515447, 0.0, 0.052243184462199055
84, 3.7543483233308796, 0.20221468014861, 0.0, 0.05386145949537361
85, 3.9628611416778083, 0.2085128183469287, 0.0, 0.0526167359623022
86, 4.166830631524633, 0.20396948984682428, 0.0, 0.048950751274522614
87, 4.3556007301499, 0.18877009862526695, 0.0, 0.043339624157600495
88, 4.519350196790467, 0.16374946664056722, 0.0, 0.036232967021864806
89, 4.64962442036007, 0.13027422356960283, 0.0, 0.02801822508483692
90, 4.739713683083783, 0.09008926272371376, 0.0, 0.019007321696507897
91, 4.784888760828652, 0.04517507774486873, 0.0, 0.009441197069134218
92, 4.783240760782891, -0.0016480000457610444, 0.0, -0.0003445362941528601
93, 4.781593319140822, -0.0016474416420688698, 0.0, -0.00034453821814459313
94, 4.7799464357195705, -0.0016468834212517436, 0.0, -0.0003445401414846237
95, 4.7783001103363185, -0.0016463253832519342, 0.0, -0.00034454206417270397
96, 4.776654342808302, -0.001645767528016151, 0.0, -0.00034454398620951233
97, 4.775009132952815, -0.0016452098554875505, 0.0, -0.0003445459075949809
98, 4.773364480587205, -0.0016446523656101775, 0.0, -0.0003445478283292244
99, 4.771720385528875, -0.001644095058329853, 0.0, -0.0003445497484127267
100, 4.770076847595283, -0.0016435379335915101, 0.0, -0.0003445516678457831
101, 4.768433866603946, -0.0016429809913374172, 0.0, -0.000344553586628127
102, 4.76608754627321, -0.002346320330735452, 0.0, -0.0004922948451859914
103, 4.813879948277609, 0.04779240200439894, 0.0, 0.009928041936629288
104, 4.90951250007678, 0.09563255179917096, 0.0, 0.019479032143756708
105, 5.04808276049691, 0.13857026042012954, 0.0, 0.02745007698853363
106, 5.2223336825053, 0.17425092200839032, 0.0, 0.03336648567519287
107, 5.423047065158023, 0.2007133826527232, 0.0, 0.037011182134535754
108, 5.639587758332588, 0.21654069317456504, 0.0, 0.0383965464239159
109, 5.860567937742879, 0.22098017941029102, 0.0, 0.037706273821543415
110, 6.074560181003767, 0.21399224326088717, 0.0, 0.0352276110343065
111, 6.270767484710754, 0.1962073037069878, 0.0, 0.031289200912866896
112, 6.4395695679658225, 0.16880208325506807, 0.0, 0.026213255633542366
113, 6.572902649948808, 0.1333330819829852, 0.0, 0.02028526650764007
114, 6.664477251081081, 0.09157460113227334, 0.0, 0.01374070278616654
115, 6.709876763838223, 0.04539951275714227, 0.0, 0.006766072515938813
116, 6.707580833158096, -0.002295930680126901, 0.0, -0.0003422889320658279
117, 6.705285670113897, -0.002295163044199633, 0.0, -0.00034229161248556427
118, 6.702991274461261, -0.0022943956526360054, 0.0, -0.0003422942920092661
119, 6.700697645955896, -0.002293628505364964, 0.0, -0.00034229697063696774
120, 6.698404784353578, -0.002292861602318119, 0.0, -0.00034229964836909887
121, 6.6961126894101515, -0.002292094943426193, 0.0, -0.00034230232520595456
122, 6.6938213608815325, -0.002291328528619019, 0.0, -0.00034230500114769505
123, 6.691530798523704, -0.0022905623578282075, 0.0, -0.0003423076761947438
124, 6.68924100209272, -0.002289796430984481, 0.0, -0.00034231035034738936
125, 6.686951971344702, -0.002289030748017673, 0.0, -0.0003423130236057855
126, 6.683683020903475, -0.003268950441227325, 0.0, -0.0004890941762204397
127, 6.732848885158933, 0.04916586425545866, 0.0, 0.007302386418301153
128, 6.831987801854596, 0.09913891669566244, 0.0, 0.01451099146704425
129, 6.975634577105746, 0.14364677525114988, 0.0, 0.020592646255095295
130, 7.155719944173785, 0.18008536706803913, 0.0, 0.02516663151618522
131, 7.3621587339481325, 0.2064387897743476, 0.0, 0.028040524149856232
132, 7.583579603050433, 0.22142086910230052, 0.0, 0.029197408175584492
133, 7.808120407954253, 0.22454080490382022, 0.0, 0.028757344043398334
134, 8.024193516686575, 0.21607310873232155, 0.0, 0.02692770410920305
135, 8.221129334825374, 0.19693581813879923, 0.0, 0.023954837604191804
136, 8.389637315331688, 0.16850798050631433, 0.0, 0.02008525210003697
137, 8.522071213970605, 0.13243389863891686, 0.0, 0.015540107013165081
138, 8.612531817730122, 0.09046060375951726, 0.0, 0.010503369470669615
139, 8.656870811619704, 0.04433899388958196, 0.0, 0.005121826911182253
140, 8.653928338483261, -0.0029424731364429135, 0.0, -0.0003400158888949881
141, 8.650986835786428, -0.0029415026968333535, 0.0, -0.0003400193241151722
142, 8.648046303229341, -0.002940532557087039, 0.0, -0.0003400227582025075
143, 8.645106740512217, -0.0029395627171240335, 0.0, -0.0003400261911572264
144, 8.642168147335353, -0.0029385931768644014, 0.0, -0.00034002962297955986
145, 8.63923052339912, -0.0029376239362335355, 0.0, -0.00034003305367035424
146, 8.636293868403971, -0.002936654995147947, 0.0, -0.00034003648322942663
147, 8.633358182050442, -0.0029356863535294764, 0.0, -0.0003400399116572092
148, 8.63042346403914, -0.00293471801130174, 0.0, -0.0003400433389543388
149, 8.627489714070757, -0.002933749968383026, 0.0, -0.00034004676512083354
150, 8.623300025178333, -0.004189688892424215, 0.0, -0.0004858567926653544
151, 8.67237487268307, 0.04907484750473756, 0.0, 0.005658755326561976
152, 8.772194356670564, 0.09981948398749374, 0.0, 0.011379078019582281
153, 8.916981137614082, 0.1447867809435177, 0.0, 0.01623719717570899
154, 9.098204004800932, 0.18122286718685032, 0.0, 0.01991853195325394
155, 9.30530267637343, 0.2070986715724974, 0.0, 0.02225598443974638
156, 9.526545569709079, 0.22124289333564917, 0.0, 0.02322383194587558
157, 9.749910628999599, 0.2233650592905203, 0.0, 0.02290944684417471
158, 9.963876389736386, 0.2139657607367873, 0.0, 0.021474148450616033
159, 10.158033853942852, 0.19415746420646585, 0.0, 0.01911368548265897
160, 10.323475465084128, 0.16544161114127576, 0.0, 0.016025766874811626
161, 10.452971029400912, 0.12949556431678388, 0.0, 0.012388397896880579
162, 10.540984699790013, 0.0880136703891008, 0.0, 0.008349663043420804
163, 10.583610657189798, 0.042625957399785364, 0.0, 0.004027543981016359
164, 10.580037075076747, -0.0035735821130504775, 0.0, -0.00033776650192169147
165, 10.576464655482399, -0.0035724195943487302, 0.0, -0.0003377706739176722
166, 10.572893398058357, -0.0035712574240420736, 0.0, -0.00033777484455654416
167, 10.569323302456311, -0.0035700956020452423, 0.0, -0.0003377790138386203
168, 10.565754368328035, -0.003568934128276524, 0.0, -0.0003377831817645488
169, 10.562186595325388, -0.003567773002647101, 0.0, -0.00033778734833430474
170, 10.55861998310031, -0.003566612225077037, 0.0, -0.00033779151354870323
171, 10.555054531304831, -0.003565451795479291, 0.0, -0.00033779567740788586
172, 10.55149023959106, -0.0035642917137721497, 0.0, -0.00033779983991249845
173, 10.54792710761119, -0.0035631319798685723, 0.0, -0.000337804001062681
174, 10.542838575334498, -0.005088532276692703, 0.0, -0.0004826529629883152
175, 10.590951400621803, 0.04811282528730487, 0.0, 0.004542823724455966
176, 10.689740656849562, 0.09878925622775903, 0.0, 0.009241501678944735
177, 10.833266995761399, 0.14352633891183686, 0.0, 0.013248666258109642
178, 11.012754903120888, 0.17948790735948883, 0.0, 0.016298184145424322
179, 11.217415521485435, 0.20466061836454763, 0.0, 0.01824489945768239
180, 11.435393738715648, 0.21797821723021293, 0.0, 0.019061715076082276
181, 11.654703724033608, 0.21930998531795964, 0.0, 0.018817293902178928
182, 11.864028307560048, 0.20932458352644012, 0.0, 0.01764363486835693
183, 12.053296570347088, 0.18926826278704034, 0.0, 0.015702613943198624
184, 12.214010729459138, 0.16071415911205023, 0.0, 0.013158180606835523
185, 12.339350524469126, 0.12533979500998704, 0.0, 0.010157730324739237
186, 12.424124634925533, 0.08477411045640793, 0.0, 0.0068233467505709735
187, 12.464656023921545, 0.04053138899601194, 0.0, 0.0032517053754412576
188, 12.460474656571266, -0.004181367350279075, 0.0, -0.00033557047107141716
189, 12.456294631108245, -0.004180025463021764, 0.0, -0.00033557535260787775
190, 12.452115947142616, -0.0041786839656285935, 0.0, -0.00033558023257785957
191, 12.447938604284603, -0.004177342858012523, 0.0, -0.000335585110981723
