0.0
0.0
0.0
0.0
0.0
0.0
0.0
0.008244794712113401
0.016117975439619407
0.02327611179136894
0.029397190079743094
0.03418202748415113
0.03736950379917973
0.03875416143288209
0.03820585795284483
0.035688519493475845
0.03127455819444056
0.025151742178056793
0.01762019718245643
0.00907857840575538
0.0
0.0
0.0
0.0
0.0
0.0
0.0
0.0
0.0
0.0
0.0
0.0
0.0
0.0
0.0
0.0
0.0
0.0
0.008244794712113401
0.016117975439619407
0.02327611179136894
0.029397190079743094
0.03418202748415113
0.03736950379917973
0.03875416143288209
0.03820585795284483
0.035688519493475845
0.03127455819444056
0.025151742178056793
0.01762019718245643
0.00907857840575538
0.0
0.0
0.0
0.0
0.0
0.0
0.0
0.0
0.0
0.0
0.0
0.009129746626425761
0.017843604294927852
0.025759952598070394
0.032516451888287494
0.03778124266411719
0.0412683602014641
0.04275673919588922
0.04211076696799329
0.03929930862653213
0.034409727703686034
0.02765375644652465
0.0
0.0
0.0
0.0
0.0
0.0
0.0
0.008244794712113401
0.016117975439619407
0.02327611179136894
0.029397190079743094
0.03418202748415113
0.03736950379917973
0.03875416143288209
0.03820585795284483
0.035688519493475845
0.03127455819444056
0.025151742178056793
0.01762019718245643
0.00907857840575538
0.0
0.0
0.0
0.0
0.0
0.0
0.0
0.0
0.0
0.0
0.0
0.009129746626425761
0.017843604294927852
0.025759952598070394
0.032516451888287494
0.03778124266411719
0.0412683602014641
0.04275673919588922
0.04211076696799329
0.03929930862653213
0.034409727703686034
0.02765375644652465
0.019363046198772594
0.00997362311764465
0.0
0.0
0.0
0.0
0.0
0.0
0.0
0.0
0.0
0.0
0.0
0.010049114165237096
0.019638604550699105
0.02834174385410776
0.03575568447795498
0.041514777395988724
0.045307803022159664
0.04689834496057561
0.0461461203919666
0.04302609722011983
0.03764192172769228
0.030230614542682156
0.021156544207808388
0.010894103272323399
0.0
0.0
0.0
0.0
0.0
0.0
0.0
0.0
0.0
0.0
0.0
0.01099262703168697
0.02148004609191697
0.030988696923263042
0.03907392752382382
0.045335577069301705
0.04943706514416935
0.051127072651514255
0.050261504363592474
0.04682250713979972
0.04093111072446526
0.03284674290582429
0.022970643322931434
0.011820516330276438
0.0
0.0
0.0
0.0
0.0
0.0
0.0
0.0
0.0
0.0
0.0
0.011804945445539611
0.02302827826606599
0.033152727920946146
0.04169917239913671
0.04824542470018474
0.05244737416134049
0.10810644684227477
0.10644839183341824
0.09927235540654793
0.08682379681054161
0.06967639754071515
0.04870754876636862
0.025046251602023735
0.0
0.0
0.0
0.0
0.0
0.0
0.0
0.0
0.0
0.0
0.0
0.02471136827660768
0.04817355308844467
0.0693130205341103
0.08713137856724636
0.10074550068715046
0.10943607555384442
0.11269928747253884
0.11029330147963831
0.10227084005295838
0.08899128868236804
0.0711094574532547
0.04954198354447814
0.025415239786161396
0.0
0.0
0.0
0.0
0.0
0.0
0.0
0.0
0.0
0.0
0.0
0.024994179891555314
0.04867051817238545
0.06988725467683682
0.08761120852540924
0.10096541679618098
0.10927542334544427
0.11211012067064952
0.10931201244808006
0.1010122974972192
0.0876280510223934
0.06984128528428393
0.048561968399564476
0.02487855054441404
0.0
0.0
0.0
0.0
0.0
0.0
0.0
0.0
0.0
0.0
0.0
0.008244794712113401
0.016117975439619407
0.02327611179136894
0.029397190079743094
0.03418202748415113
0.03736950379917973
0.03875416143288209
0.03820585795284483
0.035688519493475845
0.03127455819444056
0.025151742178056793
0.01762019718245643
0.00907857840575538
0.0
0.0
0.0
0.0
0.0
0.0
0.0
0.0
0.0
0.0
0.008244794712113401
0.016117975439619407
0.02327611179136894
0.029397190079743094
0.03418202748415113
0.03736950379917973
0.03875416143288209
0.03820585795284483
0.035688519493475845
0.03127455819444056
0.025151742178056793
0.01762019718245643
0.00907857840575538
0.0
0.0
0.0
0.0
0.0
0.0
0.0
0.0
0.0
0.0
0.0
0.009129746626425761
0.017843604294927852
0.025759952598070394
0.032516451888287494
0.03778124266411719
0.0412683602014641
0.04275673919588922
0.04211076696799329
0.03929930862653213
0.034409727703686034
0.02765375644652465
0.019363046198772594
0.00997362311764465
0.0
0.0
0.0
0.0
0.0
0.0
0.0
0.0
0.0
0.0
0.0
0.010049114165237096
0.019638604550699105
0.02834174385410776
0.03575568447795498
0.041514777395988724
0.045307803022159664
0.04689834496057561
0.0461461203919666
0.04302609722011983
0.03764192172769228
0.030230614542682156
0.021156544207808388
0.010894103272323399
0.0
0.0
0.0
0.0
0.0
0.0
0.0
0.0
0.0
0.0
0.0
0.01099262703168697
0.02148004609191697
0.030988696923263042
0.03907392752382382
0.045335577069301705
0.04943706514416935
0.051127072651514255
0.050261504363592474
0.04682250713979972
0.04093111072446526
0.03284674290582429
0.022970643322931434
0.011820516330276438
0.0
0.0
0.0
0.0
0.0
0.0
0.0
0.0
0.0
0.0
0.0
0.011804945445539611
0.02302827826606599
0.033152727920946146
0.04169917239913671
0.04824542470018474
0.05244737416134049
0.10810644684227477
0.10644839183341824
0.09927235540654793
0.08682379681054161
0.06967639754071515
0.04870754876636862
0.025046251602023735
0.0
0.0
0.0
0.0
0.0
0.0
0.0
0.0
0.0
0.0
0.0
0.02471136827660768
0.04817355308844467
0.0693130205341103
0.08713137856724636
0.10074550068715046
0.10943607555384442
0.11269928747253884
0.11029330147963831
0.10227084005295838
0.08899128868236804
0.0711094574532547
0.04954198354447814
0.025415239786161396
0.0
0.0
0.0
0.0
0.0
0.0
0.0
0.0
0.0
0.0
0.0
0.024994179891555314
0.04867051817238545
0.06988725467683682
0.08761120852540924
0.10096541679618098
0.10927542334544427
0.11211012067064952
0.10931201244808006
0.1010122974972192
0.0876280510223934
0.06984128528428393
0.048561968399564476
0.02487855054441404
0.0
0.0
0.0
0.0
0.0
0.0
0.0
0.0
0.0
0.0
0.0
0.024434614784596204
0.04755072330853919
0.06819930896770524
0.08535605116793382
0.09817226172175489
0.10601872741575007
0.10851915671144889
0.10557012853818168
0.09734549507038666
0.08428483295706506
0.06706727467260407
0.04657338716625793
0.023838399353837043
0.0
0.0
0.0
0.0
0.0
0.0
0.0
0.0
0.0
0.0
0.0
0.02338644614570545
0.04548979362847229
0.06518919091909953
0.08149579766567581
0.09360403991382853
0.10093223318695677
0.10315003204345995
0.10019110647991868
0.09225071908535626
0.07976923899453736
0.06340377081711986
0.043990748595484304
0.022502449260876783
0.0
0.0
0.0
0.0
0.0
0.0
0.0
0.0
0.0
0.0
0.0
0.022050601020183892
0.04287873230876774
0.06141667257115012
0.07672798454226058
0.08805712138413875
0.09486696639350811
0.0968622518405469
0.09399808555247309
0.08647414682421882
0.07471627694985487
0.05934798449208457
0.04115469675772079
0.02104342515464293
0.0
0.0
0.0
0.0
0.0
0.0
0.0
0.0
0.0
0.0
0.0
0.020599716886933524
0.040049897832527444
0.05734784255781132
0.07161699157689928
0.08215387961504735
0.08846278435126338
0.09027633331620023
0.08756172793909682
0.08051355016905229
0.06953513612586323
0.055211095638236424
0.03827368302562427
0.019565442188100888
0.0
0.0
0.0
0.0
0.0
0.0
0.0
0.0
0.0
0.0
0.0
0.019137044500383487
0.037205954005343836
0.05326651698014778
0.06650593999783323
0.07627201328577238
0.08210722077053403
0.08376463487619899
0.08121835797001066
0.0746543348186132
0.06445204024084353
0.051157920881278525
0.03545331147464874
0.01812140066199564
0.0
0.0
0.0
0.0
0.0
0.0
0.0
0.0
0.0
0.0
0.0
0.0
0.0
0.0
0.008244794712113401
0.016117975439619407
0.02327611179136894
0.029397190079743094
0.03418202748415113
0.03736950379917973
0.03875416143288209
0.03820585795284483
0.035688519493475845
0.03127455819444056
0.025151742178056793
0.01762019718245643
0.00907857840575538
0.0
0.0
0.0
0.0
0.0
0.0
0.0
0.0
0.0
0.0
0.0
0.009129746626425761
0.017843604294927852
0.025759952598070394
0.032516451888287494
0.03778124266411719
0.0412683602014641
0.04275673919588922
0.04211076696799329
0.03929930862653213
0.034409727703686034
0.02765375644652465
0.019363046198772594
0.00997362311764465
0.0
0.0
0.0
0.0
0.0
0.0
0.0
0.0
0.0
0.0
0.0
0.010049114165237096
0.019638604550699105
0.02834174385410776
0.03575568447795498
0.041514777395988724
0.045307803022159664
0.04689834496057561
0.0461461203919666
0.04302609722011983
0.03764192172769228
0.030230614542682156
0.021156544207808388
0.010894103272323399
0.0
0.0
0.0
0.0
0.0
0.0
0.0
0.0
0.0
0.0
0.0
0.01099262703168697
0.02148004609191697
0.030988696923263042
0.03907392752382382
0.045335577069301705
0.04943706514416935
0.051127072651514255
0.050261504363592474
0.04682250713979972
0.04093111072446526
0.03284674290582429
0.022970643322931434
0.011820516330276438
0.0
0.0
0.0
0.0
0.0
0.0
0.0
0.0
0.0
0.0
0.0
0.011804945445539611
0.02302827826606599
0.033152727920946146
0.04169917239913671
0.04824542470018474
0.05244737416134049
0.10810644684227477
0.10644839183341824
0.09927235540654793
0.08682379681054161
0.06967639754071515
0.04870754876636862
0.025046251602023735
0.0
0.0
0.0
0.0
0.0
0.0
0.0
0.0
0.0
0.0
0.0
0.02471136827660768
0.04817355308844467
0.0693130205341103
0.08713137856724636
0.10074550068715046
0.10943607555384442
0.11269928747253884
0.11029330147963831
0.10227084005295838
0.08899128868236804
0.0711094574532547
0.04954198354447814
0.025415239786161396
0.0
0.0
0.0
0.0
0.0
0.0
0.0
0.0
0.0
0.0
0.0
0.024994179891555314
0.04867051817238545
0.06988725467683682
0.08761120852540924
0.10096541679618098
0.10927542334544427
0.11211012067064952
0.10931201244808006
0.1010122974972192
0.0876280510223934
0.06984128528428393
0.048561968399564476
0.02487855054441404
0.0
0.0
0.0
0.0
0.0
0.0
0.0
0.0
0.0
0.0
0.0
0.024434614784596204
0.04755072330853919
0.06819930896770524
0.08535605116793382
0.09817226172175489
0.10601872741575007
0.10851915671144889
0.10557012853818168
0.09734549507038666
0.08428483295706506
0.06706727467260407
0.04657338716625793
0.023838399353837043
0.0
0.0
0.0
0.0
0.0
0.0
0.0
0.0
0.0
0.0
0.0
0.02338644614570545
0.04548979362847229
0.06518919091909953
0.08149579766567581
0.09360403991382853
0.10093223318695677
0.10315003204345995
0.10019110647991868
0.09225071908535626
0.07976923899453736
0.06340377081711986
0.043990748595484304
0.022502449260876783
0.0
0.0
0.0
0.0
0.0
0.0
0.0
0.0
0.0
0.0
0.0
0.022050601020183892
0.04287873230876774
